00011111
00011111
00011111
00011111
00011111
00011111
00011111
00011111
00011111
00011111
00011110
00011110
00011111
00011111
00011111
00011111
00011111
00011011
00111010
01101101
00010000
01100110
01101110
01010011
00011111
01000100
00100010
00011111
00011111
00011111
00011111
00011111
00011111
01000100
00100010
00011111
00011111
00011111
00011111
00011111
00011111
01000100
00100010
00011111
00011111
00011111
00011111
00011111
00011111
01000100
00100010
00011111
00011111
00011111
00011111
00011111
00011111
01000100
00100010
00011111
00011111
00011111
00011111
00011111
00011111
01000100
00100010
00011111
00011111
00011111
00011111
00011111
00011111
01000100
00100010
00011111
00011111
00011111
00011111
00011111
00011111
01000100
00100010
00011111
00011111
00011111
00011111
00011111
00011111
01000100
00100010
00011111
00011111
00011111
00011111
00011111
00011111
01000100
00100010
00011111
00011111
00011111
00011111
00011111
00011111
01000100
00100010
00011111
00011111
00011111
00011111
00011111
00011111
01000100
00100010
00011111
00011111
00011111
00011111
00011111
00011111
01000100
00100010
00011111
00011111
00011111
00011111
00011111
00011111
01000100
00100010
00011111
00011111
00011111
00011111
00011111
00011111
01000100
00100010
00011111
00011111
00011111
00011111
00011111
00011111
01000100
00100010
00011111
00011111
00011111
00011111
00011111
00011111
01000100
00100010
00011111
00011111
00011111
00011111
00011111
00011111
01000100
00100010
00011111
00011111
00011111
00011111
00011111
00011111
01000100
00100010
00011111
00011111
00011111
00011111
00011111
00011111
01000100
00100010
00011111
00011111
00011111
00011111
00011111
00011111
01000100
00100010
00011111
00011111
00011111
00011111
00011111
00011111
01000100
00100010
00011111
00011111
00011111
00011111
00011111
00011111
01000100
00100010
00011111
00011111
00011111
00011111
00011111
00100011
01000110
00100110
00100011
00100011
00100011
00100011
00100011
00011111
01000100
00100010
00011111
00011111
00011111
00011111
00011111
00011111
01000100
00100010
00011111
00011111
00011111
00011111
00011111
00011111
00011010
00101101
10011010
01111111
00101100
00011101
00011111
00011111
00011111
00011111
00011111
00011111
00011111
00011111
00011111
00011111
00011111
00011101
00011100
00011111
00011111
00011100
00011010
00011111
00011111
00011111
00011111
00011111
00011111
00011111
00011111
00011111
00011110
00011110
00011110
00011111
00011111
00011110
00011110
01110111
01101001
01010010
00010111
00011100
00011111
00011111
00011100
00011111
00011111
00011111
00011111
00011111
00011111
00011111
00011100
00011111
00011111
00011111
00011111
00011111
00011111
00011111
00011111
00011111
00011111
00011111
00011111
00011111
00011111
00011111
00011111
00011111
00011111
00011111
00011111
00011111
00011111
00011111
00011110
00011111
00011111
00011111
00011111
00011111
00011111
00011111
00011110
00011111
00011111
00011111
00011111
00011111
00011111
00011111
00011110
00011111
00011111
00011111
00011111
00011111
00011111
00011111
00011110
00011111
00011111
00011111
00011111
00011111
00011111
00011111
00011110
00011111
00011111
00011111
00011111
00011111
00011111
00011111
00011110
00011111
00011111
00011111
00011111
00011111
00011111
00011111
00011110
00011111
00011111
00011111
00011111
00011111
00011111
00011111
00011110
00011111
00011111
00011111
00011111
00011111
00011111
00011111
00011110
00011111
00011111
00011111
00011111
00011111
00011111
00011111
00011110
00011111
00011111
00011111
00011111
00011111
00011111
00011111
00011110
00011111
00011111
00011111
00011111
00011111
00011111
00011111
00011110
00011111
00011111
00011111
00011111
00011111
00011111
00011111
00011110
00011111
00011111
00011111
00011111
00011111
00011111
00011111
00011110
00011111
00011111
00011111
00011111
00011111
00011111
00011111
00011110
00011111
00011111
00011111
00011111
00011111
00011111
00011111
00011110
00011111
00011111
00011111
00011111
00011111
00011111
00011111
00011110
00011111
00011111
00011111
00011111
00011111
00011111
00011111
00011110
00011111
00011111
00011111
00011111
00011111
00011111
00011111
00011110
00011111
00011111
00011111
00011111
00011111
00011111
00011111
00011111
00100011
00100011
00100011
00100011
00100011
00100011
00100011
00100011
00011111
00011111
00011111
00011111
00011111
00011111
00011111
00011110
00011111
00011111
00011111
00011111
00011111
00011111
00011111
00011110
00011111
00011011
00011110
00011110
00011100
00011011
00011001
00011001
00011111
00011111
00011111
00011111
00011111
00011111
00011111
00011111
00011111
00011011
00011100
00011010
00011101
00011011
00011110
00011111
00011111
00011111
00011111
00011111
00011111
00011111
00011111
00011111
00011111
00011110
00011110
00011110
00011111
00011111
00011111
00011111
00111000
10000111
00011010
00010101
10000000
01011100
01101001
01101100
00110110
10000011
10001000
01000101
00011111
00011111
00011101
00101110
00011111
00011110
00011001
00011001
00011111
00011111
00011111
00011111
00011111
00011111
00011111
00011111
00011111
00011111
00011111
00011111
00101101
00100010
00011111
00011111
00011111
00011111
00011111
00011111
00101101
00100010
00011111
00011111
00011111
00011111
00011111
00011111
00101101
00100010
00011111
00011111
00011111
00011111
00011111
00011111
00101101
00100010
00011111
00011111
00011111
00011111
00011111
00011111
00101101
00100010
00011111
00011111
00011111
00011111
00011111
00011111
00101101
00100010
00011111
00011111
00011111
00011111
00011111
00011111
00101101
00100010
00011111
00011111
00011111
00011111
00011111
00011111
00101101
00100010
00011111
00011111
00011111
00011111
00011111
00011111
00101101
00100010
00011111
00011111
00011111
00011111
00011111
00011111
00101101
00100010
00011111
00011111
00011111
00011111
00011111
00011111
00101101
00100010
00011111
00011111
00011111
00011111
00011111
00011111
00101101
00100010
00011111
00011111
00011111
00011111
00011111
00011111
00101101
00100010
00011111
00011111
00011111
00011111
00011111
00011111
00101101
00100010
00011111
00011111
00011111
00011111
00011111
00011111
00101101
00100010
00011111
00011111
00011111
00011111
00011111
00011111
00101101
00100010
00011111
00011111
00011111
00011111
00011111
00011111
00101101
00100010
00011111
00011111
00011111
00011111
00011111
00011111
00101101
00100010
00011111
00011111
00011111
00011111
00011111
00011111
00101101
00100010
00011111
00011111
00011111
00011111
00011111
00011111
00011110
00011111
01001010
01010010
00100001
00011110
00011111
00011111
00100011
00100011
00100011
00100011
00100011
00100011
00100011
00100011
00100101
00111110
00111101
00110100
00011101
00101101
00100011
00011111
00101101
00100010
00011111
00011111
00011111
00011111
00011111
00011111
00011011
00111000
01100111
00011011
00011111
01101001
00100000
00011100
00011111
00011111
00011111
00011111
00011111
00011111
00011111
00011111
00011110
00011010
00011001
00011100
00011111
00011011
00011001
00011101
00011111
00011111
00011111
00011111
00011111
00011111
00011111
00011111
00011111
00011110
00011110
00011111
00011111
00011110
00011110
00011111
10000101
10001000
10100001
01010001
00101000
01000000
10010101
00101111
01100110
00011111
00111010
01011110
01101010
10000111
01111010
00101100
00011111
00011111
00011111
00011111
00011111
00011111
00011111
00011111
00011111
00011111
00011111
00011111
00011111
00011111
00011111
00011111
00011111
00011111
00011111
00011111
00011111
00011111
00011111
00011010
00011111
00011111
00011111
00011111
00011111
00011111
00011101
00101110
00011111
00011111
00011111
00011111
00011111
00011111
00011111
00011111
00011111
00011111
00011111
00011111
00011111
00011111
00011111
00100011
00011111
00011111
00011111
00011111
00011111
00011111
00011111
00101110
00011111
00011111
00011111
00011111
00011111
00011111
00011111
00101110
00011111
00011111
00011111
00011111
00011111
00011111
00011111
00101110
00011111
00011111
00011111
00011111
00011111
00011111
00011111
00101110
00011111
00011111
00011111
00011111
00011111
00011111
00011111
00101110
00011111
00011111
00011111
00011111
00011111
00011111
00011111
00101110
00011111
00011111
00011111
00011111
00011111
00011111
00011111
00101110
00011111
00011111
00011111
00011111
00011111
00011111
00011111
00101110
00011111
00011111
00011111
00011111
00011111
00011111
00011111
00101110
00011111
00011111
00011111
00011111
00011111
00011111
00011111
00101110
00011111
00011111
00011111
00011111
00011111
00011111
00011111
00101110
00011111
00011111
00011111
00011111
00011111
00011111
00011111
00011111
00011111
00011111
00011111
00011111
00011111
00011111
00011111
00011111
00011111
00011111
00011111
00011111
00011111
00011111
00011100
00110111
00011111
00011111
00011111
00011111
00011111
00011111
00011111
00101110
00011110
00011111
00011111
00011110
00011110
00011110
00011110
00011011
00100011
00100011
00100011
00100011
00100011
00100011
00100011
00100011
00011111
00011111
00011111
00100000
00110000
00100001
00011111
00011100
00011111
00011111
00011111
00011111
00011111
00011111
00011101
00101100
00011101
00011001
00011001
00011110
00011110
10100100
01010011
00100110
00011111
00011111
00011111
00011111
00011111
00011111
00011111
00011111
00011100
00011001
00011010
00011110
00011000
10001000
01101101
00011001
00011111
00011111
00011111
00011111
00011111
00011111
00011111
00011111
00011110
00011110
00011110
00011111
00011111
00011111
00011111
00011111
10010010
01100000
00101001
00011111
00011111
00011111
00011111
00101100
10001000
01011010
00011001
01111000
10111000
10010000
00111110
01000111
00011111
00011111
00011111
00011111
00011111
00011111
00011111
00011010
00011111
00011111
00011111
00011111
00011111
00011111
00011111
00011111
01011001
01000100
00011011
00011100
10000010
01011010
00011010
10001001
01010111
01011000
01001010
00100001
00011110
00011111
00011111
00011100
00100010
01010110
01010100
00011111
00011110
00011110
00011111
00011111
00011111
00011111
00011111
00011111
00011111
00011111
00011111
00011111
00100000
00011111
00011111
00011111
00011111
00011111
00011111
00011111
00100000
00011111
00011111
00011111
00011111
00011111
00011111
00011111
00100000
00011111
00011111
00011111
00011111
00011111
00011111
00011111
00100000
00011111
00011111
00011111
00011111
00011111
00011111
00011111
00100000
00011111
00011111
00011111
00011111
00011111
00011111
00011111
00100000
00011111
00011111
00011111
00011111
00011111
00011111
00011111
00100000
00011111
00011111
00011111
00011111
00011111
00011111
00011111
00100000
00011111
00011111
00011111
00011111
00011111
00011111
00011111
00100000
00011111
00011111
00011111
00011111
00011111
00011111
00011111
00100000
00011111
00011111
00011111
00011111
00011111
00011111
00011111
00100000
00011111
00011111
00011111
00011111
00011111
00011111
00011111
00011101
00011110
00100001
00011111
00011111
00011111
00011111
00011111
00011111
00011111
00011111
00011111
00011111
00011111
00011111
00011111
10010100
10100101
01100001
00011011
01110100
00110000
00011101
00011111
00100000
00011111
00011111
00011111
00011111
00011111
00011111
00011111
01000101
01101011
00011100
00011110
00100001
00011110
00011111
00011111
00100011
00100011
00100011
00100011
00100011
00100011
00100011
00100011
00110011
00111100
00011110
00101011
00101000
00101101
00100111
00111000
01111111
01101100
00111010
00011110
00011011
00011010
00110011
10000000
10010110
10000010
01011001
01010000
01101001
00011001
00011111
00011010
00011111
00011111
00011111
00011111
00011111
00011111
00011111
00011111
00011111
00011111
00011111
00011101
00011001
00011010
00011101
00011011
00011111
00011111
00011111
00011111
00011111
00011111
00011111
00011111
00011110
00011111
00011111
00011111
00011110
00011111
00011111
00011110
10000101
00111100
00111000
01111100
00100010
01111100
00011111
00011111
10001111
01100100
00010110
01101100
10000110
00010100
00100111
01100001
00011000
00011111
00011111
00011100
00011011
00011110
00011111
00011100
00011111
00011111
00011111
00011111
00011111
00011111
00011111
00011111
01010010
10001111
00111011
01111010
00100000
00011011
00111100
10011111
01000110
00100000
00101100
01011001
01010011
00111010
00101001
01001101
00011110
00011110
00011111
00011111
00011111
00011111
00011111
00011110
00011111
00011111
00011111
00011111
00011111
00011111
00011111
00011111
00011111
00011111
00011111
00011111
00011111
00011111
00011100
01000011
00011111
00011111
00011111
00011111
00011111
00011110
00101101
10000011
00011111
00011111
00011111
00011111
00011111
00100001
00101101
00011111
00011111
00011111
00011111
00011111
00011111
00100001
00101101
00011111
00011111
00011111
00011111
00011111
00011111
00100001
00101101
00011111
00011111
00011111
00011111
00011111
00011111
00100001
00101101
00011111
00011111
00011111
00011111
00011111
00011111
00100001
00101101
00011111
00011111
00011111
00011111
00011111
00011111
00011111
00011110
00011111
00011111
00011111
00011111
00011111
00011111
00011111
00011111
00011101
00011111
00011111
00011111
00011111
00011111
00011101
00101100
01111011
00011111
00011111
00011111
00011111
00011111
00100001
00101101
00011111
00011111
00011111
00011111
00011111
00011111
00011111
00011110
00101110
00011111
00011111
00011111
00011111
00011111
00011111
00011111
00011111
00011111
00011111
00011111
01111110
10100011
01100110
00111011
10011110
00011111
00011111
00011111
00011111
00011111
00011011
01011000
10101111
00011110
00100010
00111111
00010100
01010010
01100100
00110010
01000001
00100011
00100011
00111100
01000010
00111110
01000000
00101001
00100010
01000000
00100010
00100010
00111010
01000000
00111011
00100000
00011111
10001110
01111000
01011100
10011000
00110110
01011111
00100000
01001100
00011000
00011001
00011100
01010111
10010011
00011111
00011111
00011011
00011111
00011111
00011111
00011111
00011111
00011111
00011111
00011111
00011111
00011100
00011110
00011010
00011001
00010110
01010001
01011011
00011111
00011111
00011111
00011111
00011111
00011111
00011111
00011111
00011110
00011111
00011111
00011111
00011111
00011111
00011111
00011111
00011111
00011001
01111111
01010000
00010100
00101010
10110011
10001000
01100001
00111010
00010111
01111110
00100110
00010111
01011000
01101100
00011100
00011111
00011111
00011111
00011111
00011111
00011111
00100001
00011111
00011111
00011111
00011111
00011111
00011111
00011111
00011111
10100111
01011001
00011110
10001010
10011001
00110100
01101110
10010111
01001110
00110000
00111011
01010011
01010100
00101111
00111001
01001101
00011110
00011111
00011111
00011110
00011110
00011111
00011111
00011111
00011111
00011111
00011111
00011111
00011111
00011111
00011111
00011111
00101111
00011101
00011110
01011000
00110111
00011101
01010011
00110011
01011110
00110010
10001000
00101000
01101000
01100001
10001010
00111011
00011111
00011111
00011111
00011111
00011111
00011111
00011111
00011111
00011111
00011111
00011111
00011111
00011111
00011111
00011111
00011111
00011111
00011111
00011111
00011111
00011111
00011111
00011111
00011111
00011111
00011111
00011111
00011111
00011111
00011111
00011111
00011111
00011111
00011111
00011111
00011111
00011111
00011111
00011111
00011111
00011101
00011101
00011111
00011111
00011111
00011111
00011111
00011111
00011110
00011111
00011111
00011100
00011110
00011111
00011100
00011110
10010011
00111010
00011100
01111101
00100111
00011110
00011111
00011111
00011111
00011111
00011111
00011111
00011111
00011111
00011111
00011111
00110100
00011110
00011110
00011011
00011111
00011111
00011111
00011111
00011111
00011111
00011111
00011111
00011111
00011111
00011111
00011111
10011110
01000011
01100000
10100111
10011100
00110110
01111010
10011100
10011011
01011100
00011011
00011110
00011010
01001010
01110100
01100000
01000001
00101011
00111000
00101001
00011110
00011111
00011110
00011110
00100011
00100011
00100011
00100011
00100011
00100011
00100011
00100011
00011111
00011111
00011110
00110001
00100110
00011110
00011101
00011100
01110000
00010110
00110101
10000111
00011100
00110001
10101001
01111100
00011011
00011001
01100101
01011010
00011001
00011111
00011001
00011000
00011111
00011111
00011111
00011111
00011111
00011111
00011111
00011111
00010011
00011101
00011011
00011001
00011001
00011110
00011011
00011001
00011111
00011111
00011111
00011111
00011111
00011111
00011111
00011111
00011111
00011111
00011111
00011110
00011110
00011111
00011111
00011111
10101011
01011001
01110100
00110000
01111001
01100111
11000001
10001001
00010101
00111100
10000101
10011011
01001010
00101110
01011101
01100110
00011111
00011111
00011111
00011111
00011111
00011111
00011111
00011111
00011111
00011111
00011111
00011111
00011111
00011111
00011111
00011111
01111000
00011010
10000000
01110111
00010110
00011111
00011111
00011111
01000110
00110000
01011100
01010001
00110101
00110000
01001110
01001110
00011111
00011101
00100110
00101110
00011111
00011111
00011111
00011111
00011111
00011111
00011111
00011111
00011111
00011111
00011111
00011111
01010100
00101101
01001000
00011101
00011100
01000000
01101111
01101101
01001101
00101011
00011110
00011111
00011000
01101001
01011111
00011101
00011111
00011111
00011111
00011111
00011111
00011110
00101010
00101011
00011111
00011111
00011111
00011111
00011111
00011111
00011111
00011111
00011111
00011111
00011111
00011111
00011111
00011111
00011011
00011110
00011111
00011111
00011111
00011111
00100000
00010100
01010111
01010011
00011111
00011111
00011111
00011110
00100100
00101011
00011110
00011111
00011111
00011111
00011111
00011111
00011111
00011111
00011011
00011100
00011100
00011110
00011101
00011111
00011111
00011101
00011011
00011011
00011100
00111110
10000101
00011001
00010111
01111000
10000001
10001110
00011111
00011111
00011111
00011111
00011110
01000100
10011111
01100100
00011111
00011111
00011100
00101111
00101011
00011110
00011111
00011111
00011111
00011111
00011111
00011010
00011111
00011111
00011111
00011111
01011111
00111110
10110100
10010110
01110001
00011110
00011110
00011111
01110101
01100011
10101010
01110100
10000101
00101110
10001001
01011011
00011101
00100100
10000010
01001000
00011010
00101100
01000001
01000001
00100011
00100011
00011101
00100001
00100011
00100011
00100011
00100010
00011101
00011111
00011111
00011111
00011110
00101001
00111110
00101101
10101010
00101001
10011010
00110101
00011100
00011110
00011011
00011010
00011001
00101000
10011001
10010000
01010101
00011010
10100010
01011000
00011111
00011111
00011111
00011111
00011111
00011111
00011111
00011111
00011011
00011110
00011011
00011100
00011100
00011100
00011001
00011000
00011111
00011111
00011111
00011111
00011111
00011111
00011111
00011111
00011111
00011111
00011110
00011110
00011111
00011111
00011111
00011111
00100011
10100000
10000110
01100101
00100110
01111010
01101101
00010110
00101100
00010100
01110111
01111110
00010111
00011111
00011111
00011111
00011111
00011111
00011111
00011111
00011111
00011111
00011111
00011111
00011111
00011111
00011111
00011111
00011111
00011111
00011111
00011111
00011111
00011111
00011111
00011111
00011101
00110011
01111001
00010110
00101011
00011110
00011111
00011111
00100001
01001011
01001111
01000110
00011111
00011110
01110110
00111101
00011100
00011110
00011110
00011111
00011111
00011111
00011111
00011111
00011111
00011111
00011111
00011111
00111010
00011011
01010011
01101110
00101011
01000010
01110000
01011011
00101001
10001110
00100010
01110101
01010111
00011110
10000101
00100010
00100010
00011111
00011111
00011110
00101010
00101010
00011100
00101011
00011111
00011111
00011111
00011111
00011111
00011111
00011111
00011111
00011111
00011111
00011001
00011101
00011111
00011001
00011100
00011010
00010110
00100011
01110111
00011010
00011110
00011111
00011111
00011010
00011111
00011111
00011111
00011111
00011111
00011111
00011111
00011111
00011111
00011111
00011111
00011111
00011111
00011111
00011111
00011111
00011110
00011111
00011101
00011011
00011110
00011101
00011011
00011100
01010100
10001111
01111000
10100110
01010011
10011001
01100100
10011001
00110000
00011101
00011111
00011011
01000100
01000011
00011001
01001101
00011111
00011111
00011110
00011111
00011111
00011111
00011111
00011110
00011111
00011111
00011111
00011110
00011110
00011111
00011111
00011111
00011111
00011111
10000111
00111011
00011100
00100011
00100100
00100011
00011100
01100111
10011110
01010011
00110100
10010101
01111010
10010011
01000010
01000100
01011111
00100000
00111010
00011101
00011111
00011111
00110110
01000000
00111101
01000011
00110000
00100010
00100011
00100011
00011011
00101111
00111010
00111010
00100110
00100010
00110011
00100000
00011110
00011111
00011010
00011101
00011110
00100111
10001011
00011111
00011001
00011111
00011111
00011111
00011111
00011111
00011111
00011111
00011111
00011111
00011111
00011111
00011111
00011111
00011111
00011111
00011101
10010011
10001101
10011111
01001000
00010110
00011001
00011011
00011111
00011111
00011111
00011111
00011111
00011111
00011111
00011111
00011111
00011110
00011110
00011111
00011110
00011110
00011110
00011110
00100100
00101010
01011010
01100100
00111011
10000110
00111100
00100011
00011111
00011111
00011111
00011111
00011111
00011111
00011111
00011111
00011111
00011111
00011111
00011111
00011111
00011111
00011111
00011111
00011111
00011111
00011111
00011110
00100101
00111100
00110100
00011100
00011111
00011000
01101101
01010101
01100101
00110001
01100010
01001011
00110110
00111000
00101001
01000000
00110011
01001101
01001101
00100111
00011111
00011111
00011111
00011111
00011111
00011110
00011110
00011111
00011111
00011111
00011111
00011111
00011111
00011111
00011111
00011111
00011001
01100101
10011010
00011011
00011111
00011111
00011111
00011101
00110000
10011100
10101000
01011000
00011010
00011111
00011111
00011111
00100101
00011100
00011100
00011110
00011100
01000000
00110010
00011100
00011111
00011111
00011111
00011111
00011111
00011110
00011111
00011111
00011101
00011011
00011111
00011111
00011100
00011000
00011000
00011101
01010010
01110010
00001100
00011111
10010000
00100000
01010011
01101011
00011111
00011111
00011111
00011110
00011101
10001001
01010110
00101101
00011111
00011111
00011011
00011110
00011111
00011101
00011101
00011111
00011111
00011011
01100110
00110100
00011101
00011111
00011111
00011011
00100110
00011110
00011111
00011111
00011010
01101111
01000111
00011111
01001011
01101101
10000111
01001110
01000100
10001001
00111000
00101110
00100100
01000100
00100100
00011110
00011111
00011111
00011111
00011101
00011111
00011101
00011100
00011111
00011111
00011111
00011111
00011111
00011111
00011111
00011111
00011011
01010011
10001001
01110011
00100011
00100000
10101100
00111100
00011011
00100000
00100010
00100010
00011111
00011111
00011111
00011111
00011111
00011111
00011111
00011111
00011111
00100011
00100011
00100011
00100011
00100011
00100011
00100011
00100011
00011111
00011111
00011111
00011111
00011111
00011111
00011111
00011111
01010110
10001000
01010000
01110001
00010110
00011011
00011010
00011110
00011111
00011111
00011111
00011111
00011111
00011111
00011111
00011111
00011111
00011111
00011111
00011111
00011111
00011111
00011111
00011111
00011111
00011110
00101011
01000111
00011010
00011110
00011100
00011101
00011111
00011111
00011111
00011111
00011111
00011111
00011111
00011111
00011110
00011111
00011110
00011111
00011110
00011110
00011111
00011111
00010110
01110001
01111111
00010110
00101110
01001110
00011110
00011111
00011111
00011111
00011111
00011111
00011111
00011111
00011111
00011111
00011111
00011111
00011111
00011111
00011111
00011101
00100001
00011111
00011111
00011111
00011111
00011111
00011110
00100011
00101000
00011110
00011011
00011111
00011111
00011101
00100101
10101110
00101111
00011101
01001010
01001111
01010011
00100110
00011110
00011111
00011101
00111010
00011111
00011110
00011111
00011111
00011110
00011110
00011111
00011111
00011111
00011111
00011111
00011111
00011111
00011111
00011111
00011110
00101011
10010010
00101001
00011110
00011111
00011111
00011111
00011001
00011011
01111000
00100011
00111010
10001010
00110100
01111111
00011100
00100011
00101001
00011100
00011111
00011110
00011100
00011110
00011111
00011111
00011111
00011111
00011111
00011111
00011111
00011111
00011111
00011110
00011000
00011001
00011110
00011010
00011000
00011011
00011101
00010010
01111001
00100000
00110101
10001110
01011011
10010000
00100001
00011110
00011111
00011110
00101110
00100100
00011001
00101111
00101100
00011010
00011011
00011111
00011111
00011110
00011110
00011110
00011110
01100100
01100111
00011101
00011111
00011111
00011111
00011110
00101000
01010110
01100000
01011001
00100110
00011110
00011111
00011111
00011110
10011100
10101110
01111010
00100101
01011101
10001000
01000010
00010111
00110001
00100111
00011101
00011111
00011111
00011111
00011111
00011111
00011110
00011011
00011111
00011111
00011111
00011111
00011111
00011111
01100101
10011101
10000011
00101000
00111111
10000111
00011100
00011111
00011111
00011110
00011111
00011011
01001000
01111001
00010010
01011101
00011111
00011111
00011111
00011111
00011111
00011111
00011111
00011111
00100011
00100011
00100011
00100011
00100011
00100011
00100011
00100011
00011111
00011111
00011111
00011111
00011111
00011111
00011111
00011111
00011000
01100111
10001010
00010111
00011111
00011111
00011111
00011111
00011111
00011111
00011111
00011111
00011111
00011111
00011111
00011111
00011111
00011111
00011111
00011111
00011111
00011111
00011111
00011111
00011111
00011111
00011111
00011010
10001010
01100100
00011000
00011111
00011111
00011111
00011111
00011111
00011111
00011111
00011111
00011111
00011110
00011110
00011110
00011111
00011111
00011111
00011111
00011110
00011111
00011111
00011111
00011111
00011111
00011111
00011111
00011111
00011111
00011111
00011111
00011111
00011111
00011111
00011111
00011111
00011100
00011100
00011111
00011110
00011100
00011101
00011111
00100001
00011111
00011111
00011111
00011111
00011111
00011111
00011110
00101011
00011111
00011111
00011111
00011111
00011111
00011111
00011111
00011111
01011101
01001110
00101110
01000111
01010011
01010001
00100101
01000101
00011110
00011110
00011110
00011111
00011110
00011110
00011111
00011001
00011001
00011001
00011110
00011111
00011111
00011111
00011111
00011111
01111000
10000010
00010111
00011111
00011111
00011111
00011111
00011111
00011111
00011111
00011001
10001000
01011111
01000101
01000001
01100110
00011111
00011111
00011110
00100000
00101100
00011011
00100010
00111101
00011111
00011110
00011111
00011111
00011111
00011111
00011111
00011111
00110010
10100111
00101100
00011101
00011110
00011111
00011111
00011111
00011110
00011111
00011111
00011100
01100101
00110010
00101010
01111111
00110001
01000010
00100100
00101111
01010101
00101000
00100010
01111011
00011010
00011111
00011111
00011111
00011111
00011111
00011111
00011111
01101011
00011111
00011111
00011111
00011111
00011111
00011111
00011111
01110111
00111011
00011011
00011110
01110110
00110111
00011101
00011111
10011111
01001100
00010101
01001101
01101000
01101110
00100000
00011110
00011111
00011111
00011111
00011111
00011111
00011111
00011111
00011111
00011111
00011111
00011111
00011111
00011111
00011111
00011111
00011111
00011111
00011111
00011111
00011111
00011111
00011111
00011111
00011111
10101001
10010000
01100011
00011010
00100010
00100010
00011111
00010110
00011111
00011111
00011111
00011111
00011111
00011111
00011111
00011111
00100011
00100011
00100011
00100011
00100011
00100011
00100011
00100011
00011111
00011111
00011111
00011111
00011111
00011111
00011111
00011111
00011111
00011111
00011111
00011111
00011111
00011111
00011111
00011111
00011111
00011111
00011111
00011111
00011111
00011111
00011111
00011111
00011111
00011111
00011111
00011111
00011111
00011111
00011111
00011111
00011111
00011111
00011111
00011111
00011111
00011111
00011111
00011111
00011111
00011111
00011111
00011111
00011111
00011111
00011111
00011111
00011110
00011110
00011111
00011110
00011110
00011111
00011111
00011110
00011111
00011111
00011111
00011111
00011111
00011111
00011111
00011111
00011111
00011111
00011111
00011111
00011111
00011111
00011111
00011111
00011100
00011111
00011111
00011111
00011111
00011111
00011111
00011111
00011110
00011111
00011111
00011111
00011111
00011111
00011111
00011111
00011111
00011111
00011111
00011111
00011111
00011111
00011111
00011111
01001101
01000011
00011110
00011111
00011111
00011101
00110100
01001101
01011010
01011011
00011000
00100110
00101100
00011100
00110000
01111110
00011101
00011100
00011111
00011111
00011111
00011111
00011110
00011100
00011111
00011111
00011111
00011111
00011111
00011111
00011111
00011111
10001101
10100010
01011011
10000101
01000111
01110101
01101111
01111000
00011100
00011110
00011111
00011101
00011100
00011111
00011111
00011111
00011111
00011111
00011111
00011111
00011110
00011110
00011111
00011111
00011111
00011111
00011011
01000001
10101111
01001001
00011010
00011101
10001000
01110111
00100100
00011110
00011111
00011111
00011010
01010010
01111011
00111011
00011101
00110101
01000001
00100000
00011010
10011011
00011111
00011111
00011111
00011111
00011111
00011111
00011111
00011111
00011111
00011111
00011111
00011111
00011111
00011111
00011111
00011111
00011111
00011111
00011111
00011111
00011111
00011111
00011111
00011111
00011111
00011111
00011100
10000101
00111001
00010111
01010000
10001000
00011111
00011111
00011111
00011111
00011111
00011111
00011111
00011111
00011111
00011111
00011111
00011111
00011111
00011111
00011111
00011111
00011111
00011111
00011111
00011111
00011111
00011111
00011111
00011111
10000100
01101100
00011000
00011111
00011111
00011111
00011111
00011111
00011111
00011111
00011111
00011111
00011111
00011111
00011111
00011111
00100011
00100011
00100011
00100011
00100011
00100011
00100011
00100011
00011111
00011111
00011111
00011111
00011111
00011111
00011111
00011111
00011111
00011111
00011111
00011111
00011111
00011111
00011111
00011111
00011111
00011111
00011111
00011111
00011111
00011111
00011111
00011111
00011111
00011111
00011111
00011111
00011111
00011111
00011111
00011111
00011111
00011111
00011111
00011111
00011111
00011111
00011111
00011111
00011111
00011111
00011111
00011111
00011111
00011111
00011111
00011101
00011110
00011111
00011110
00011111
00011111
00011111
00011110
00011110
00011111
00011111
00011111
00011111
00011111
00011111
00011111
00011111
00011111
00011111
00011111
00011111
00011111
00011111
00011111
00011111
00011111
00011111
00011111
00011111
00011111
00011111
00011111
00011111
00011111
00011111
00011111
00011111
00011111
00011111
00011111
00011111
00011111
00011111
00011111
00011111
00011111
00011111
00011111
00011111
01001001
00100101
00111110
00111011
01000110
00100101
01000111
01001001
00011111
00011111
00011111
00011110
00011111
00011111
00011111
00011111
00011111
00011111
00011111
00011111
00011111
00011111
00011111
00011111
00011111
00011111
00011111
00011111
00011111
00011111
00011111
00011111
10010110
01000000
10101010
10001011
10110111
01000010
10010010
01010100
00011111
00011111
00011110
00011100
00011110
00011111
01001000
01001000
00011111
00011111
00011111
00011111
00011111
00011111
00011111
00011111
00011101
00011110
00011110
00011111
00011110
00011111
00011111
00011101
01011111
00011010
00011111
00011011
00011110
00011111
00011111
00011111
01011001
00010011
01101011
01111001
10001110
00100000
00011110
00011111
00011111
00011111
00011111
00011111
00011111
00011111
00011111
00011111
00011111
00011111
00011111
00011111
00011111
00011111
00011111
00011111
00011111
00011111
00011111
00011111
00011111
00011111
00011111
00011111
10000100
00100011
01001110
01011100
01101001
00011101
00011101
10101111
00011111
00011111
00011111
00011111
00011111
00011111
00011111
00011111
00011111
00011111
00011111
00011111
00011111
00011111
00011111
00011111
00011111
00011111
00011111
00011111
00011111
00011111
00011111
00011111
00011111
00011111
00011111
00011111
00011111
00011111
00011111
00011111
00011111
00011111
00011111
00011111
00011111
00011111
00011111
00011111
00100011
00100011
00100011
00100011
00100011
00100011
00100011
00100011
00011111
00011111
00011111
00011111
00011111
00011111
00011111
00011111
00011111
00011111
00011111
00011111
00011111
00011111
00011111
00011111
00011111
00011111
00011111
00011111
00011111
00011111
00011111
00011111
00011111
00011111
00011111
00011111
00011111
00011111
00011111
00011111
00011111
00011111
00011111
00011111
00011111
00011111
00011111
00011111
00011111
00011111
00011111
00011111
00011111
00011111
00011111
00011111
00011110
00011110
00011111
00011111
00011110
00011111
00011111
00011111
00011111
00011111
00011111
00011111
00011111
00011111
00011111
00011111
00011111
00011111
00011111
00011111
00011111
00011111
00011111
00011111
00011111
00011111
00011111
00011111
00011111
00011111
00011111
00011111
00011111
00011111
00011111
00011111
00011111
00011111
00011111
00011111
00011111
00011111
00011111
00011111
00011111
00011111
00011111
00011111
00111110
00011110
00011111
00011111
00011101
00110110
01010011
01000001
00011111
00011111
00011111
00011111
00011111
00011111
00011111
00011111
00011111
00011111
00011111
00011111
00011111
00011111
00011111
00011111
00011111
00011111
00011111
00011111
00011111
00011111
00011111
00011111
00010111
00110001
10001001
10010010
01001000
00011001
00110110
10010111
00011110
00011111
00011101
00011101
00011111
00011101
00011101
00011101
00011111
00011111
00011111
00011111
00011111
00011111
00011111
00011111
00011110
00011111
00011111
00011100
00011110
00011010
00011011
00011011
00011111
00011111
00011111
00011111
00011111
00011111
00011111
00011111
00011111
00011111
00011111
00011111
00011010
01010110
10010000
10011000
00011111
00011111
00011111
00011111
00011111
00011111
00011111
00011111
00011111
00011111
00011111
00011111
00011111
00011111
00011111
00011111
00011111
00011111
00011111
00011111
00011111
00011111
00011111
00011111
01000000
00011011
00011111
00011111
00011111
00011111
00011111
00011111
00011111
00011111
00011111
00011111
00011111
00011111
00011111
00011111
00011111
00011111
00011111
00011111
00011111
00011111
00011111
00011111
00011111
00011111
00011111
00011111
00011111
00011111
00011111
00011111
00011111
00011111
00011111
00011111
00011111
00011111
00011111
00011111
00011111
00011111
00011111
00011111
00011111
00011111
00011111
00011111
00100011
00100011
00100011
00100011
00100011
00100011
00100011
00100011
00011111
00011111
00011111
00011111
00011111
00011111
00011111
00011111
00011111
00011111
00011111
00011111
00011111
00011111
00011111
00011111
00011111
00011111
00011111
00011111
00011111
00011111
00011111
00011111
00011111
00011111
00011111
00011111
00011111
00011111
00011111
00011111
00011111
00011111
00011111
00011111
00011111
00011111
00011111
00011111
00011111
00011111
00011111
00011111
00011111
00011111
00011111
00011111
00011111
00011111
00011111
00011111
00011111
00011111
00011111
00011111
00011111
00011111
00011111
00011111
00011111
00011111
00011111
00011111
00011111
00011111
00011111
00011111
00011111
00011111
00011111
00011111
00011111
00011111
00011111
00011111
00011111
00011111
00011111
00011111
00011111
00011111
00011111
00011111
00011111
00011111
00011111
00011111
00011111
00011111
00011111
00011111
00011111
00011111
00011111
00011111
00100011
01000011
00100001
01000100
00101011
01010110
01010000
01000000
00011111
00011111
00011111
00011111
00011111
00011111
00011111
00011111
00011111
00011111
00011111
00011111
00011111
00011111
00011111
00011111
00011111
00011111
00011111
00011111
00011111
00011111
00011111
00011111
00011001
00100001
00101110
00100000
00011111
00011111
00011111
00011111
00011110
00011110
00011100
00011110
00011111
00011101
00011100
00011110
00011111
00011111
00011111
00011111
00011111
00011111
00011111
00011111
00011011
00011010
00011000
00011010
00011111
00011100
00011000
00011011
00011111
00011111
00011111
00011111
00011111
00011111
00011111
00011111
00100110
00101001
10110010
00110100
00011100
00011111
00011111
00011111
00011111
00011111
00011111
00011111
00011111
00011111
00011111
00011111
00011111
00011111
00011111
00011111
00011111
00011111
00011111
00011111
00011111
00011111
00011111
00011111
00011111
00011111
00011111
00011111
00011111
00011111
00011111
00011111
00011111
00011111
00011111
00011111
00011111
00011111
00011111
00011111
00011111
00011111
00011111
00011111
00011111
00011111
00011111
00011111
00011111
00011111
00011111
00011111
00011111
00011111
00011111
00011111
00011111
00011111
00011111
00011111
00011111
00011111
00011111
00011111
00011111
00011111
00011111
00011111
00011111
00011111
00011111
00011111
00011111
00011111
00011111
00011111
00100011
00100011
00100011
00100011
00100011
00100011
00100011
00100011
00011111
00011111
00011111
00011111
00011111
00011111
00011111
00011111
00011111
00011111
00011111
00011111
00011111
00011111
00011111
00011111
00011111
00011111
00011111
00011111
00011111
00011111
00011111
00011111
00011111
00011111
00011111
00011111
00011111
00011111
00011111
00011111
00011111
00011111
00011111
00011111
00011111
00011111
00011111
00011111
00011111
00011111
00011111
00011111
00011111
00011111
00011111
00011111
00011111
00011111
00011111
00011111
00011111
00011111
00011111
00011111
00011111
00011111
00011111
00011111
00011111
00011111
00011111
00011111
00011111
00011111
00011111
00011111
00011111
00011111
00011111
00011111
00011111
00011111
00011111
00011111
00011111
00011111
00011111
00011111
00011111
00011111
00011111
00011111
00011111
00011111
00011111
00011111
00011111
00011111
00011111
00011111
00011111
00011111
00011111
00011111
01000111
01011001
01011001
01000001
00110010
01001100
01001101
00101101
00011111
00011111
00011111
00011111
00011111
00011111
00011111
00011111
00011111
00011111
00011111
00011111
00011111
00011111
00011111
00011111
00011111
00011111
00011111
00011111
00011111
00011111
00011111
00011111
00011111
00011111
00011111
00011111
00011111
00011111
00011111
00011111
00011101
00101110
00011101
00011110
00011111
00011111
00011111
00011111
00011111
00011111
00011111
00011111
00011111
00011110
00011111
00011111
00011101
00011100
00011111
00011111
00011010
00011000
00011001
00011101
00011111
00011111
00011111
00011111
00011111
00011111
00011111
00011111
00011111
00011111
00011111
00011111
00011111
00011111
00011111
00011111
00011111
00011111
00011111
00011111
00011111
00011111
00011111
00011111
00011111
00011111
00011111
00011111
00011111
00011111
00011111
00011111
00011111
00011111
00011111
00011111
00011111
00011111
00011111
00011111
00011111
00011111
00011111
00011111
00011111
00011111
00011111
00011111
00011111
00011111
00011111
00011111
00011111
00011111
00011111
00011111
00011111
00011111
00011111
00011111
00011111
00011111
00011111
00011111
00011111
00011111
00011111
00011111
00011111
00011111
00011111
00011111
00011111
00011111
00011111
00011111
00011111
00011111
00011111
00011111
00011111
00011111
00011111
00011111
00011111
00011111
00011111
00011111
00100011
00100011
00100011
00100011
00100011
00100011
00100011
00100011
00011111
00011111
00011111
00011111
00011111
00011111
00011111
00011111
00011111
00011111
00011111
00011111
00011111
00011111
00011111
00011111
00011111
00011111
00011111
00011111
00011111
00011111
00011111
00011111
00011111
00011111
00011111
00011111
00011111
00011111
00011111
00011111
00011111
00011111
00011111
00011111
00011111
00011111
00011111
00011111
00011111
00011111
00011111
00011111
00011111
00011111
00011111
00011111
00011111
00011111
00011111
00011111
00011111
00011111
00011111
00011111
00011111
00011111
00011111
00011111
00011111
00011111
00011111
00011111
00011111
00011111
00011111
00011111
00011111
00011111
00011111
00011111
00011111
00011111
00011111
00011111
00011111
00011111
00011111
00011111
00011111
00011111
00011111
00011111
00011111
00011111
00011111
00011111
00011111
00011111
00011111
00011111
00011111
00011111
00011111
00011111
01010110
01010101
00111100
00101011
01010101
01010001
01000000
00101100
00011111
00011111
00011111
00011111
00011111
00011111
00011111
00011111
00011111
00011111
00011111
00011111
00011111
00011111
00011111
00011111
00011111
00011111
00011111
00011111
00011111
00011111
00011111
00011111
00011111
00011111
00011111
00011111
00011111
00011111
00011111
00011111
00011110
00011100
00011110
00011101
00101001
01010001
01000011
00011110
00011111
00011111
00011111
00011111
00011110
00011101
00011111
00011111
00011010
00011101
00011010
00011010
10101000
10110111
00110011
00011001
00011111
00011111
00011111
00011111
00011111
00011111
00011111
00011111
00011111
00011111
00011111
00011111
00011111
00011111
00011111
00011111
00011111
00011111
00011111
00011111
00011111
00011111
00011111
00011111
00011111
00011111
00011111
00011111
00011111
00011111
00011111
00011111
00011111
00011111
00011111
00011111
00011111
00011111
00011111
00011111
00011111
00011111
00011111
00011111
00011111
00011111
00011111
00011111
00011111
00011111
00011111
00011111
00011111
00011111
00011111
00011111
00011111
00011111
00011111
00011111
00011111
00011111
00011111
00011111
00011111
00011111
00011111
00011111
00011111
00011111
00011111
00011111
00011111
00011111
00011111
00011111
00011111
00011111
00011111
00011111
00011111
00011111
00011111
00011111
00011111
00011111
00011111
00011111
00100011
00100011
00100011
00100011
00100011
00100011
00100011
00100011
00011111
00011111
00011111
00011111
00011111
00011111
00011111
00011111
00011111
00011111
00011111
00011111
00011111
00011111
00011111
00011111
00011111
00011111
00011111
00011111
00011111
00011111
00011111
00011111
00011111
00011111
00011111
00011111
00011111
00011111
00011111
00011111
00011111
00011111
00011111
00011111
00011111
00011111
00011111
00011111
00011111
00011111
00011111
00011111
00011111
00011111
00011111
00011111
00011111
00011111
00011111
00011111
00011111
00011111
00011111
00011111
00011111
00011111
00011111
00011111
00011111
00011111
00011111
00011111
00011111
00011111
00011111
00011111
00011111
00011111
00011111
00011111
00011111
00011111
00011111
00011111
00011111
00011111
00011111
00011111
00011111
00011111
00011111
00011111
00011111
00011111
00011111
00011111
00011111
00011111
00011111
00011111
00011111
00011111
00011111
00011111
01010110
00101100
00011100
01000010
00111010
01000110
00100010
00011111
00011111
00011111
00011111
00011111
00011111
00011111
00011111
00011111
00011111
00011111
00011111
00011111
00011111
00011111
00011111
00011111
00011111
00011111
00011111
00011111
00011111
00011111
00011111
00011111
00011111
00011111
00011111
00011111
00011111
00011111
00011111
00011111
00011111
00011111
00011110
00100010
00101010
00011011
00100111
00111010
00011111
00011111
00011111
00011111
00011111
00011111
00011111
00011111
00011100
00011111
00011111
00011011
00011000
00011010
00011110
00011001
00011111
00011111
00011111
00011111
00011111
00011111
00011111
00011111
00011111
00011111
00011111
00011111
00011111
00011111
00011111
00011111
00011111
00011111
00011111
00011111
00011111
00011111
00011111
00011111
00011111
00011111
00011111
00011111
00011111
00011111
00011111
00011111
00011111
00011111
00011111
00011111
00011111
00011111
00011111
00011111
00011111
00011111
00011111
00011111
00011111
00011111
00011111
00011111
00011111
00011111
00011111
00011111
00011111
00011111
00011111
00011111
00011111
00011111
00011111
00011111
00011111
00011111
00011111
00011111
00011111
00011111
00011111
00011111
00011111
00011111
00011111
00011111
00011111
00011111
00011111
00011111
00011111
00011111
00011111
00011111
00011111
00011111
00011111
00011111
00011111
00011111
00011111
00011111
00100011
00100011
00100011
00100011
00100011
00100011
00100011
00100011
00011111
00011111
00011111
00011111
00011111
00011111
00011111
00011111
00011111
00011111
00011111
00011111
00011111
00011111
00011111
00011111
00011111
00011111
00011111
00011111
00011111
00011111
00011111
00011111
00011111
00011111
00011111
00011111
00011111
00011111
00011111
00011111
00011111
00011111
00011111
00011111
00011111
00011111
00011111
00011111
00011111
00011111
00011111
00011111
00011111
00011111
00011111
00011111
00011111
00011111
00011111
00011111
00011111
00011111
00011111
00011111
00011111
00011111
00011111
00011111
00011111
00011111
00011111
00011111
00011111
00011111
00011111
00011111
00011111
00011111
00011111
00011111
00011111
00011111
00011111
00011111
00011111
00011111
00011111
00011111
00011111
00011111
00011111
00011111
00011111
00011111
00011111
00011111
00011111
00011111
00011111
00011111
00011111
00011111
00011111
00011111
00011111
00011111
00011111
00011111
00011111
00011111
00011111
00011111
00011111
00011111
00011111
00011111
00011111
00011111
00011111
00011111
00011111
00011111
00011111
00011111
00011111
00011111
00011111
00011111
00011111
00011111
00011111
00011111
00011111
00011111
00011111
00011111
00011111
00011111
00011111
00011111
00011111
00011111
00011111
00011111
00011011
00011110
00011111
00011101
00011101
00011111
00011111
00011111
00011111
00011111
00011111
00011111
00011111
00011111
00011111
00011111
00011100
00011010
00011101
00011000
00011001
00011110
00011010
00011000
00011111
00011111
00011111
00011111
00011111
00011111
00011111
00011111
00011111
00011111
00011111
00011111
00011111
00011111
00011111
00011111
00011111
00011111
00011111
00011111
00011111
00011111
00011111
00011111
00011111
00011111
00011111
00011111
00011111
00011111
00011111
00011111
00011111
00011111
00011111
00011111
00011111
00011111
00011111
00011111
00011111
00011111
00011111
00011111
00011111
00011111
00011111
00011111
00011111
00011111
00011111
00011111
00011111
00011111
00011111
00011111
00011111
00011111
00011111
00011111
00011111
00011111
00011111
00011111
00011111
00011111
00011111
00011111
00011111
00011111
00011111
00011111
00011111
00011111
00011111
00011111
00011111
00011111
00011111
00011111
00011111
00011111
00011111
00011111
00011111
00011111
00011111
00011111
00100011
00100011
00100011
00100011
00100011
00100011
00100011
00100011
00011111
00011111
00011111
00011111
00011111
00011111
00011111
00011111
00011111
00011111
00011111
00011111
00011111
00011111
00011111
00011111
00011111
00011111
00011111
00011111
00011111
00011111
00011111
00011111
00011111
00011111
00011111
00011111
00011111
00011111
00011111
00011111
00011111
00011111
00011111
00011111
00011111
00011111
00011111
00011111
00011111
00011111
00011111
00011111
00011111
00011111
00011111
00011111
00011111
00011111
00011111
00011111
00011111
00011111
00011111
00011111
00011111
00011111
00011111
00011111
00011111
00011111
00011111
00011111
00011111
00011111
00011111
00011111
00011111
00011111
00011111
00011111
00011111
00011111
00011111
00011111
00011111
00011111
00011111
00011111
00011111
00011111
00011111
00011111
00011111
00011111
00011111
00011111
00011111
00011111
00011111
00011111
00011111
00011111
00011111
00011111
00011111
00011111
00011111
00011111
00011111
00011111
00011111
00011111
00011111
00011111
00011111
00011111
00011111
00011111
00011111
00011111
00011111
00011111
00011111
00011111
00011111
00011111
00011111
00011111
00011111
00011111
00011111
00011111
00011111
00011111
00011111
00011111
00011111
00011111
00011111
00011111
00011111
00011111
00011111
00011111
00011111
00011110
00101110
01000011
00101111
00011101
00011110
00011111
00011111
00011111
00011111
00011111
00011111
00011111
00011111
00011111
00011000
00011010
01110001
10001001
00100010
00011110
00011111
00011111
00011111
00011111
00011111
00011111
00011111
00011111
00011111
00011111
00011111
00011111
00011111
00011111
00011111
00011111
00011111
00011111
00011111
00011111
00011111
00011111
00011111
00011111
00011111
00011111
00011111
00011111
00011111
00011111
00011111
00011111
00011111
00011111
00011111
00011111
00011111
00011111
00011111
00011111
00011111
00011111
00011111
00011111
00011111
00011111
00011111
00011111
00011111
00011111
00011111
00011111
00011111
00011111
00011111
00011111
00011111
00011111
00011111
00011111
00011111
00011111
00011111
00011111
00011111
00011111
00011111
00011111
00011111
00011111
00011111
00011111
00011111
00011111
00011111
00011111
00011111
00011111
00011111
00011111
00011111
00011111
00011111
00011111
00011111
00011111
00011111
00011111
00011111
00011111
00100011
00100011
00100011
00100011
00100011
00100011
00100011
00100011
00011111
00011111
00011111
00011111
00011111
00011111
00011111
00011111
00011111
00011111
00011111
00011111
00011111
00011111
00011111
00011111
00011111
00011111
00011111
00011111
00011111
00011111
00011111
00011111
00011111
00011111
00011111
00011111
00011111
00011111
00011111
00011111
00011111
00011111
00011111
00011111
00011111
00011111
00011111
00011111
00011111
00011111
00011111
00011111
00011111
00011111
00011111
00011111
00011111
00011111
00011111
00011111
00011111
00011111
00011111
00011111
00011111
00011111
00011111
00011111
00011111
00011111
00011111
00011111
00011111
00011111
00011111
00011111
00011111
00011111
00011111
00011111
00011111
00011111
00011111
00011111
00011111
00011111
00011111
00011111
00011111
00011111
00011111
00011111
00011111
00011111
00011111
00011111
00011111
00011111
00011111
00011111
00011111
00011111
00011111
00011111
00011111
00011111
00011111
00011111
00011111
00011111
00011111
00011111
00011111
00011111
00011111
00011111
00011111
00011111
00011111
00011111
00011111
00011111
00011111
00011111
00011111
00011111
00011111
00011111
00011111
00011111
00011111
00011111
00011111
00011111
00011111
00011111
00011111
00011111
00011111
00011111
00011111
00011111
00011111
00011111
00011101
00100010
00111101
00111101
00100001
00011111
00011111
00011111
00011111
00011111
00011111
00011111
00011111
00011111
00011111
00011111
00011111
00011110
00011001
00011000
00011110
00011011
00011000
00011010
00011111
00011111
00011111
00011111
00011111
00011111
00011111
00011111
00011111
00011111
00011111
00011111
00011111
00011111
00011111
00011111
00011111
00011111
00011111
00011111
00011111
00011111
00011111
00011111
00011111
00011111
00011111
00011111
00011111
00011111
00011111
00011111
00011111
00011111
00011111
00011111
00011111
00011111
00011111
00011111
00011111
00011111
00011111
00011111
00011111
00011111
00011111
00011111
00011111
00011111
00011111
00011111
00011111
00011111
00011111
00011111
00011111
00011111
00011111
00011111
00011111
00011111
00011111
00011111
00011111
00011111
00011111
00011111
00011111
00011111
00011111
00011111
00011111
00011111
00011111
00011111
00011111
00011111
00011111
00011111
00011111
00011111
00011111
00011111
00011111
00011111
00011111
00011111
00100011
00100011
00100011
00100011
00100011
00100011
00100011
00100011
00011111
00011111
00011111
00011111
00011111
00011111
00011111
00011111
00011111
00011111
00011111
00011111
00011111
00011111
00011111
00011111
00011111
00011111
00011111
00011111
00011111
00011111
00011111
00011111
00011111
00011111
00011111
00011111
00011111
00011111
00011111
00011111
00011111
00011111
00011111
00011111
00011111
00011111
00011111
00011111
00011111
00011111
00011111
00011111
00011111
00011111
00011111
00011111
00011111
00011111
00011111
00011111
00011111
00011111
00011111
00011111
00011111
00011111
00011111
00011111
00011111
00011111
00011111
00011111
00011111
00011111
00011111
00011111
00011111
00011111
00011111
00011111
00011111
00011111
00011111
00011111
00011111
00011111
00011111
00011111
00011111
00011111
00011111
00011111
00011111
00011111
00011111
00011111
00011111
00011111
00011111
00011111
00011111
00011111
00011111
00011111
00011111
00011111
00011111
00011111
00011111
00011111
00011111
00011111
00011111
00011111
00011111
00011111
00011111
00011111
00011111
00011111
00011111
00011111
00011111
00011111
00011111
00011111
00011111
00011111
00011111
00011111
00011111
00011111
00011111
00011111
00011111
00011111
00011111
00011111
00011111
00011111
00011111
00011111
00011111
00011111
00011111
00011110
00011100
00011110
00011110
00011110
00011110
00011100
00011111
00011111
00011111
00011111
00011111
00011111
00011111
00011111
00011110
00011001
00011000
00011010
00011101
00011000
00011001
00011110
00011111
00011111
00011111
00011111
00011111
00011111
00011111
00011111
00011111
00011111
00011111
00011111
00011111
00011111
00011111
00011111
00011111
00011111
00011111
00011111
00011111
00011111
00011111
00011111
00011111
00011111
00011111
00011111
00011111
00011111
00011111
00011111
00011111
00011111
00011111
00011111
00011111
00011111
00011111
00011111
00011111
00011111
00011111
00011111
00011111
00011111
00011111
00011111
00011111
00011111
00011111
00011111
00011111
00011111
00011111
00011111
00011111
00011111
00011111
00011111
00011111
00011111
00011111
00011111
00011111
00011111
00011111
00011111
00011111
00011111
00011111
00011111
00011111
00011111
00011111
00011111
00011111
00011111
00011111
00011111
00011111
00011111
00011111
00011111
00011111
00011111
00011111
00011111
00100011
00100011
00100011
00100011
00100011
00100011
00100011
00100011
00011111
00011111
00011111
00011111
00011111
00011111
00011111
00011111
00011111
00011111
00011111
00011111
00011111
00011111
00011111
00011111
00011111
00011111
00011111
00011111
00011111
00011111
00011111
00011111
00011111
00011111
00011111
00011111
00011111
00011111
00011111
00011111
00011111
00011111
00011111
00011111
00011111
00011111
00011111
00011111
00011111
00011111
00011111
00011111
00011111
00011111
00011111
00011111
00011111
00011111
00011111
00011111
00011111
00011111
00011111
00011111
00011111
00011111
00011111
00011111
00011111
00011111
00011111
00011111
00011111
00011111
00011111
00011111
00011111
00011111
00011111
00011111
00011111
00011111
00011111
00011111
00011111
00011111
00011111
00011111
00011111
00011111
00011111
00011111
00011111
00011111
00011111
00011111
00011111
00011111
00011111
00011111
00011111
00011111
00011111
00011111
00011111
00011111
00011111
00011111
00011111
00011111
00011111
00011111
00011111
00011111
00011111
00011111
00011111
00011111
00011111
00011111
00011111
00011111
00011111
00011111
00011111
00011111
00011111
00011111
00011111
00011111
00011111
00011111
00011111
00011111
00011111
00011111
00011111
00011111
00011111
00011111
00011111
00011111
00011111
00011111
00111011
00100011
00011100
00011111
00011101
00011101
00011101
00011111
00011111
00011111
00011111
00011111
00011110
00011101
00011110
00011111
00011011
00011000
00011000
00010111
01010000
11001000
01111101
00001110
00011111
00011111
00011111
00011111
00011111
00011111
00011111
00011111
00011111
00011111
00011111
00011111
00011111
00011111
00011111
00011111
00011111
00011111
00011111
00011111
00011111
00011111
00011111
00011111
00011111
00011111
00011111
00011111
00011111
00011111
00011111
00011111
00011111
00011111
00011111
00011111
00011111
00011111
00011111
00011111
00011111
00011111
00011111
00011111
00011111
00011111
00011111
00011111
00011111
00011111
00011111
00011111
00011111
00011111
00011111
00011111
00011111
00011111
00011111
00011111
00011111
00011111
00011111
00011111
00011111
00011111
00011111
00011111
00011111
00011111
00011111
00011111
00011111
00011111
00011111
00011111
00011111
00011111
00011111
00011111
00011111
00011111
00011111
00011111
00011111
00011111
00011111
00011111
00100011
00100011
00100011
00100011
00100011
00100011
00100011
00100011
00011111
00011111
00011111
00011111
00011111
00011111
00011111
00011111
00011111
00011111
00011111
00011111
00011111
00011111
00011111
00011111
00011111
00011111
00011111
00011111
00011111
00011111
00011111
00011111
00011111
00011111
00011111
00011111
00011111
00011111
00011111
00011111
00011111
00011111
00011111
00011111
00011111
00011111
00011111
00011111
00011111
00011111
00011111
00011111
00011111
00011111
00011111
00011111
00011111
00011111
00011111
00011111
00011111
00011111
00011111
00011111
00011111
00011111
00011111
00011111
00011111
00011111
00011111
00011111
00011111
00011111
00011111
00011111
00011111
00011111
00011111
00011111
00011111
00011111
00011111
00011111
00011111
00011111
00011111
00011111
00011111
00011111
00011111
00011111
00011111
00011111
00011111
00011111
00011111
00011111
00011111
00011111
00011111
00011111
00011111
00011111
00011111
00011111
00011111
00011111
00011111
00011111
00011111
00011111
00011111
00011111
00011111
00011111
00011111
00011111
00011111
00011111
00011111
00011111
00011111
00011111
00011111
00011111
00011111
00011111
00011111
00011111
00011111
00011111
00011111
00011111
00011111
00011111
00011111
00011111
00011111
00011111
00011111
00011111
00011111
00011111
00011101
00011100
00011110
00011101
00101101
00011110
00011110
00011110
00011110
00011101
00011111
00011111
00011111
00011111
00011111
00011111
10000011
10111011
01001001
00011000
00011100
00011111
00011111
00011011
00011111
00011111
00011111
00011111
00011111
00011111
00011111
00011111
00011111
00011111
00011111
00011111
00011111
00011111
00011111
00011111
00011111
00011111
00011111
00011111
00011111
00011111
00011111
00011111
00011111
00011111
00011111
00011111
00011111
00011111
00011111
00011111
00011111
00011111
00011111
00011111
00011111
00011111
00011111
00011111
00011111
00011111
00011111
00011111
00011111
00011111
00011111
00011111
00011111
00011111
00011111
00011111
00011111
00011111
00011111
00011111
00011111
00011111
00011111
00011111
00011111
00011111
00011111
00011111
00011111
00011111
00011111
00011111
00011111
00011111
00011111
00011111
00011111
00011111
00011111
00011111
00011111
00011111
00011111
00011111
00011111
00011111
00011111
00011111
00011111
00011111
00011111
00011111
00100011
00100011
00100011
00100011
00100011
00100011
00100011
00100011
00011111
00011111
00011111
00011111
00011111
00011111
00011111
00011111
00011111
00011111
00011111
00011111
00011111
00011111
00011111
00011111
00011111
00011111
00011111
00011111
00011111
00011111
00011111
00011111
00011111
00011111
00011111
00011111
00011111
00011111
00011111
00011111
00011111
00011111
00011111
00011111
00011111
00011111
00011111
00011111
00011111
00011111
00011111
00011111
00011111
00011111
00011111
00011111
00011111
00011111
00011111
00011111
00011111
00011111
00011111
00011111
00011111
00011111
00011111
00011111
00011111
00011111
00011111
00011111
00011111
00011111
00011111
00011111
00011111
00011111
00011111
00011111
00011111
00011111
00011111
00011111
00011111
00011111
00011111
00011111
00011111
00011111
00011111
00011111
00011111
00011111
00011111
00011111
00011111
00011111
00011111
00011111
00011111
00011111
00011111
00011111
00011111
00011111
00011111
00011111
00011111
00011111
00011111
00011111
00011111
00011111
00011111
00011111
00011111
00011111
00011111
00011111
00011111
00011111
00011111
00011111
00011111
00011111
00011111
00011111
00011111
00011111
00011111
00011111
00011111
00011111
00011111
00011111
00011111
00011111
00011111
00011111
00011111
00011111
00011111
00011111
00011101
00011101
00011110
00100101
01001001
00100000
00011110
00011110
00011111
00011111
00011111
00011111
00011111
00011111
00011111
00011111
00011000
00011010
00011110
00011001
00011100
00011001
00011110
00011001
00011111
00011111
00011111
00011111
00011111
00011111
00011111
00011111
00011111
00011111
00011111
00011111
00011111
00011111
00011111
00011111
00011111
00011111
00011111
00011111
00011111
00011111
00011111
00011111
00011111
00011111
00011111
00011111
00011111
00011111
00011111
00011111
00011111
00011111
00011111
00011111
00011111
00011111
00011111
00011111
00011111
00011111
00011111
00011111
00011111
00011111
00011111
00011111
00011111
00011111
00011111
00011111
00011111
00011111
00011111
00011111
00011111
00011111
00011111
00011111
00011111
00011111
00011111
00011111
00011111
00011111
00011111
00011111
00011111
00011111
00011111
00011111
00011111
00011111
00011111
00011111
00011111
00011111
00011111
00011111
00011111
00011111
00011111
00011111
00011111
00011111
00011111
00011111
00100011
00100011
00100011
00100011
00100011
00100011
00100011
00100011
00011111
00011111
00011111
00011111
00011111
00011111
00011111
00011111
00011111
00011111
00011111
00011111
00011111
00011111
00011111
00011111
00011111
00011111
00011111
00011111
00011111
00011111
00011111
00011111
00011111
00011111
00011111
00011111
00011111
00011111
00011111
00011111
00011111
00011111
00011111
00011111
00011111
00011111
00011111
00011111
00011111
00011111
00011111
00011111
00011111
00011111
00011111
00011111
00011111
00011111
00011111
00011111
00011111
00011111
00011111
00011111
00011111
00011111
00011111
00011111
00011111
00011111
00011111
00011111
00011111
00011111
00011111
00011111
00011111
00011111
00011111
00011111
00011111
00011111
00011111
00011111
00011111
00011111
00011111
00011111
00011111
00011111
00011111
00011111
00011111
00011111
00011111
00011111
00011111
00011111
00011111
00011111
00011111
00011111
00011111
00011111
00011111
00011111
00011111
00011111
00011111
00011111
00011111
00011111
00011111
00011111
00011111
00011111
00011111
00011111
00011111
00011111
00011111
00011111
00011111
00011111
00011111
00011111
00011111
00011111
00011111
00011111
00011111
00011111
00011111
00011111
00011111
00011111
00011111
00011111
00011111
00011111
00011111
00011111
00011111
00011111
00011110
00011110
00011111
00011111
00011111
00011111
00011111
00011111
00011111
00011111
00011111
00011111
00011111
00011111
00011111
00011111
00011000
00011001
00111101
10011110
01000001
00011011
00011111
00011111
00011111
00011111
00011111
00011111
00011111
00011111
00011111
00011111
00011111
00011111
00011111
00011111
00011111
00011111
00011111
00011111
00011111
00011111
00011111
00011111
00011111
00011111
00011111
00011111
00011111
00011111
00011111
00011111
00011111
00011111
00011111
00011111
00011111
00011111
00011111
00011111
00011111
00011111
00011111
00011111
00011111
00011111
00011111
00011111
00011111
00011111
00011111
00011111
00011111
00011111
00011111
00011111
00011111
00011111
00011111
00011111
00011111
00011111
00011111
00011111
00011111
00011111
00011111
00011111
00011111
00011111
00011111
00011111
00011111
00011111
00011111
00011111
00011111
00011111
00011111
00011111
00011111
00011111
00011111
00011111
00011111
00011111
00011111
00011111
00011111
00011111
00011111
00011111
00100011
00100011
00100011
00100011
00100011
00100011
00100011
00100011
00011111
00011111
00011111
00011111
00011111
00011111
00011111
00011111
00011111
00011111
00011111
00011111
00011111
00011111
00011111
00011111
00011111
00011111
00011111
00011111
00011111
00011111
00011111
00011111
00011111
00011111
00011111
00011111
00011111
00011111
00011111
00011111
00011111
00011111
00011111
00011111
00011111
00011111
00011111
00011111
00011111
00011111
00011111
00011111
00011111
00011111
00011111
00011111
00011111
00011111
00011111
00011111
00011111
00011111
00011111
00011111
00011111
00011111
00011111
00011111
00011111
00011111
00011111
00011111
00011111
00011111
00011111
00011111
00011111
00011111
00011111
00011111
00011111
00011111
00011111
00011111
00011111
00011111
00011111
00011111
00011111
00011111
00011111
00011111
00011111
00011111
00011111
00011111
00011111
00011111
00011111
00011111
00011111
00011111
00011111
00011111
00011111
00011111
00011111
00011111
00011111
00011111
00011111
00011111
00011111
00011111
00011111
00011111
00011111
00011111
00011111
00011111
00011111
00011111
00011111
00011111
00011111
00011111
00011111
00011111
00011111
00011111
00011111
00011111
00011111
00011111
00011111
00011111
00011111
00011111
00011111
00011111
00011111
00011111
00011111
00011111
00011111
00011111
00011111
00011111
00011111
00011111
00011111
00011111
00011111
00011111
00011111
00011111
00011111
00011111
00011111
00011111
00011111
00011111
00011010
00011000
00011100
00011101
00011000
00011000
00011111
00011111
00011111
00011111
00011111
00011111
00011111
00011111
00011111
00011111
00011111
00011111
00011111
00011111
00011111
00011111
00011111
00011111
00011111
00011111
00011111
00011111
00011111
00011111
00011111
00011111
00011111
00011111
00011111
00011111
00011111
00011111
00011111
00011111
00011111
00011111
00011111
00011111
00011111
00011111
00011111
00011111
00011111
00011111
00011111
00011111
00011111
00011111
00011111
00011111
00011111
00011111
00011111
00011111
00011111
00011111
00011111
00011111
00011111
00011111
00011111
00011111
00011111
00011111
00011111
00011111
00011111
00011111
00011111
00011111
00011111
00011111
00011111
00011111
00011111
00011111
00011111
00011111
00011111
00011111
00011111
00011111
00011111
00011111
00011111
00011111
00011111
00011111
00100011
00100011
00100011
00100011
00100011
00100011
00100011
00100011
00011111
00011111
00011111
00011111
00011111
00011111
00011111
00011111
00011111
00011111
00011111
00011111
00011111
00011111
00011111
00011111
00011111
00011111
00011111
00011111
00011111
00011111
00011111
00011111
00011111
00011111
00011111
00011111
00011111
00011111
00011111
00011111
00011111
00011111
00011111
00011111
00011111
00011111
00011111
00011111
00011111
00011111
00011111
00011111
00011111
00011111
00011111
00011111
00011111
00011111
00011111
00011111
00011111
00011111
00011111
00011111
00011111
00011111
00011111
00011111
00011111
00011111
00011111
00011111
00011111
00011111
00011111
00011111
00011111
00011111
00011111
00011111
00011111
00011111
00011111
00011111
00011111
00011111
00011111
00011111
00011111
00011111
00011111
00011111
00011111
00011111
00011111
00011111
00011111
00011111
00011111
00011111
00011111
00011111
00011111
00011111
00011111
00011111
00011111
00011111
00011111
00011111
00011111
00011111
00011111
00011111
00011111
00011111
00011111
00011111
00011111
00011111
00011111
00011111
00011111
00011111
00011111
00011111
00011111
00011111
00011111
00011111
00011111
00011111
00011111
00011111
00011111
00011111
00011111
00011111
00011111
00011111
00011111
00011111
00011111
00011111
00011111
00011111
00011111
00011111
00011111
00011111
00011111
00011111
00011111
00011111
00011111
00011111
00011111
00011111
00011111
00011111
00011110
00011011
00011000
00011000
00011101
00011010
00011000
00011001
00011111
00011111
00011111
00011111
00011111
00011111
00011111
00011111
00011111
00011111
00011111
00011111
00011111
00011111
00011111
00011111
00011111
00011111
00011111
00011111
00011111
00011111
00011111
00011111
00011111
00011111
00011111
00011111
00011111
00011111
00011111
00011111
00011111
00011111
00011111
00011111
00011111
00011111
00011111
00011111
00011111
00011111
00011111
00011111
00011111
00011111
00011111
00011111
00011111
00011111
00011111
00011111
00011111
00011111
00011111
00011111
00011111
00011111
00011111
00011111
00011111
00011111
00011111
00011111
00011111
00011111
00011111
00011111
00011111
00011111
00011111
00011111
00011111
00011111
00011111
00011111
00011111
00011111
00011111
00011111
00011111
00011111
00011111
00011111
00011111
00011111
00011111
00011111
00100011
00100011
00100011
00100011
00100011
00100011
00100011
00100011
00011111
00011111
00011111
00011111
00011111
00011111
00011111
00011111
00011111
00011111
00011111
00011111
00011111
00011111
00011111
00011111
00011111
00011111
00011111
00011111
00011111
00011111
00011111
00011111
00011111
00011111
00011111
00011111
00011111
00011111
00011111
00011111
00011111
00011111
00011111
00011111
00011111
00011111
00011111
00011111
00011111
00011111
00011111
00011111
00011111
00011111
00011111
00011111
00011111
00011111
00011111
00011111
00011111
00011111
00011111
00011111
00011111
00011111
00011111
00011111
00011111
00011111
00011111
00011111
00011111
00011111
00011111
00011111
00011111
00011111
00011111
00011111
00011111
00011111
00011111
00011111
00011111
00011111
00011111
00011111
00011111
00011111
00011111
00011111
00011111
00011111
00011111
00011111
00011111
00011111
00011111
00011111
00011111
00011111
00011111
00011111
00011111
00011111
00011111
00011111
00011111
00011111
00011111
00011111
00011111
00011111
00011111
00011111
00011111
00011111
00011111
00011111
00011111
00011111
00011111
00011111
00011111
00011111
00011111
00011111
00011111
00011111
00011111
00011111
00011111
00011111
00011111
00011111
00011111
00011111
00011111
00011111
00011111
00011111
00011111
00011111
00011111
00011111
00011111
00011111
00011111
00011111
00011111
00011111
00011111
00011110
00011101
00011111
00011111
00011111
00011111
00011111
00011110
10001000
11001110
00110110
00011011
00011100
00011111
00011010
00011111
00011111
00011111
00011111
00011111
00011111
00011111
00011111
00011111
00011111
00011111
00011111
00011111
00011111
00011111
00011111
00011111
00011111
00011111
00011111
00011111
00011111
00011111
00011111
00011111
00011111
00011111
00011111
00011111
00011111
00011111
00011111
00011111
00011111
00011111
00011111
00011111
00011111
00011111
00011111
00011111
00011111
00011111
00011111
00011111
00011111
00011111
00011111
00011111
00011111
00011111
00011111
00011111
00011111
00011111
00011111
00011111
00011111
00011111
00011111
00011111
00011111
00011111
00011111
00011111
00011111
00011111
00011111
00011111
00011111
00011111
00011111
00011111
00011111
00011111
00011111
00011111
00011111
00011111
00011111
00011111
00011111
00011111
00011111
00011111
00011111
00011111
00011111
00100011
00100011
00100011
00100011
00100011
00100011
00100011
00100011
00011111
00011111
00011111
00011111
00011111
00011111
00011111
00011111
00011111
00011111
00011111
00011111
00011111
00011111
00011111
00011111
00011111
00011111
00011111
00011111
00011111
00011111
00011111
00011111
00011111
00011111
00011111
00011111
00011111
00011111
00011111
00011111
00011111
00011111
00011111
00011111
00011111
00011111
00011111
00011111
00011111
00011111
00011111
00011111
00011111
00011111
00011111
00011111
00011111
00011111
00011111
00011111
00011111
00011111
00011111
00011111
00011111
00011111
00011111
00011111
00011111
00011111
00011111
00011111
00011111
00011111
00011111
00011111
00011111
00011111
00011111
00011111
00011111
00011111
00011111
00011111
00011111
00011111
00011111
00011111
00011111
00011111
00011111
00011111
00011111
00011111
00011111
00011111
00011111
00011111
00011111
00011111
00011111
00011111
00011111
00011111
00011111
00011111
00011111
00011111
00011111
00011111
00011111
00011111
00011111
00011111
00011111
00011111
00011111
00011111
00011111
00011111
00011111
00011111
00011111
00011111
00011111
00011111
00011111
00011111
00011111
00011111
00011111
00011111
00011111
00011111
00011111
00011111
00011111
00011111
00011111
00011111
00011111
00011111
00011111
00011111
00011111
00011111
00011111
00011111
00011111
00011111
00011111
00011111
00011110
00011110
00011111
00011111
00011111
00011111
00011111
00011111
01011011
10101000
00101010
00011101
00011111
00011111
00011110
00100011
00011111
00011111
00011111
00011111
00011111
00011111
00011111
00011111
00011111
00011111
00011111
00011111
00011111
00011111
00011111
00011111
00011111
00011111
00011111
00011111
00011111
00011111
00011111
00011111
00011111
00011111
00011111
00011111
00011111
00011111
00011111
00011111
00011111
00011111
00011111
00011111
00011111
00011111
00011111
00011111
00011111
00011111
00011111
00011111
00011111
00011111
00011111
00011111
00011111
00011111
00011111
00011111
00011111
00011111
00011111
00011111
00011111
00011111
00011111
00011111
00011111
00011111
00011111
00011111
00011111
00011111
00011111
00011111
00011111
00011111
00011111
00011111
00011111
00011111
00011111
00011111
00011111
00011111
00011111
00011111
00011111
00011111
00011111
00011111
00011111
00011111
00011111
00011111
00100011
00100011
00100011
00100011
00100011
00100011
00100011
00100011
00011111
00011111
00011111
00011111
00011111
00011111
00011111
00011111
00011111
00011111
00011111
00011111
00011111
00011111
00011111
00011111
00011111
00011111
00011111
00011111
00011111
00011111
00011111
00011111
00011111
00011111
00011111
00011111
00011111
00011111
00011111
00011111
00011111
00011111
00011111
00011111
00011111
00011111
00011111
00011111
00011111
00011111
00011111
00011111
00011111
00011111
00011111
00011111
00011111
00011111
00011111
00011111
00011111
00011111
00011111
00011111
00011111
00011111
00011111
00011111
00011111
00011111
00011111
00011111
00011111
00011111
00011111
00011111
00011111
00011111
00011111
00011111
00011111
00011111
00011111
00011111
00011111
00011111
00011111
00011111
00011111
00011111
00011111
00011111
00011111
00011111
00011111
00011111
00011111
00011111
00011111
00011111
00011111
00011111
00011111
00011111
00011111
00011111
00011111
00011111
00011111
00011111
00011111
00011111
00011111
00011111
00011111
00011111
00011111
00011111
00011111
00011111
00011111
00011111
00011111
00011111
00011111
00011111
00011111
00011111
00011111
00011111
00011111
00011111
00011111
00011111
00011111
00011111
00011111
00011111
00011111
00011111
00011111
00011111
00011111
00011111
00011111
00011111
00011111
00011111
00011111
00011111
00011111
00011111
00011110
00011111
00011111
00011111
00011111
00011111
00011111
00011111
10011111
00111110
00011011
00011111
00011111
00011111
00011111
00011111
00011111
00011111
00011111
00011111
00011111
00011111
00011111
00011111
00011111
00011111
00011111
00011111
00011111
00011111
00011111
00011111
00011111
00011111
00011111
00011111
00011111
00011111
00011111
00011111
00011111
00011111
00011111
00011111
00011111
00011111
00011111
00011111
00011111
00011111
00011111
00011111
00011111
00011111
00011111
00011111
00011111
00011111
00011111
00011111
00011111
00011111
00011111
00011111
00011111
00011111
00011111
00011111
00011111
00011111
00011111
00011111
00011111
00011111
00011111
00011111
00011111
00011111
00011111
00011111
00011111
00011111
00011111
00011111
00011111
00011111
00011111
00011111
00011111
00011111
00011111
00011111
00011111
00011111
00011111
00011111
00011111
00011111
00011111
00011111
00011111
00011111
00011111
00011111
00100011
00100011
00100011
00100011
00100011
00100011
00100011
00100011
00011111
00011111
00011111
00011111
00011111
00011111
00011111
00011111
00011111
00011111
00011111
00011111
00011111
00011111
00011111
00011111
00011111
00011111
00011111
00011111
00011111
00011111
00011111
00011111
00011111
00011111
00011111
00011111
00011111
00011111
00011111
00011111
00011111
00011111
00011111
00011111
00011111
00011111
00011111
00011111
