00011110
00101011
01011001
01011001
01001011
00100000
00011110
00011111
00011111
00011011
00110000
10001111
01010001
00100100
00100100
00101010
00011111
01000101
00100010
00011111
00011111
00011111
00011111
00011111
00011111
01000100
00100010
00011111
00011111
00011111
00011111
00011111
00011111
01000100
00100010
00011111
00011111
00011111
00011111
00011111
00011111
01000100
00100010
00011111
00011111
00011111
00011111
00011111
00011111
01000100
00100010
00011111
00011111
00011111
00011111
00011111
00011111
01000100
00100010
00011111
00011111
00011111
00011111
00011111
00011111
01000100
00100010
00011111
00011111
00011111
00011111
00011111
00011111
01000100
00100010
00011111
00011111
00011111
00011111
00011111
00011111
01000100
00100010
00011111
00011111
00011111
00011111
00011111
00011111
01000100
00100010
00011111
00011111
00011111
00011111
00011111
00011111
01000100
00100010
00011111
00011111
00011111
00011111
00011111
00011111
01000100
00100010
00011111
00011111
00011111
00011111
00011111
00011111
01000100
00100010
00011111
00011111
00011111
00011111
00011111
00011111
01000100
00100010
00011111
00011111
00011111
00011111
00011111
00011111
01000100
00100010
00011111
00011111
00011111
00011111
00011111
00011111
01000100
00100010
00011111
00011111
00011111
00011111
00011111
00011111
01000100
00100010
00011111
00011111
00011111
00011111
00011111
00011111
01000100
00100010
00011111
00011111
00011111
00011111
00011111
00011111
01000100
00100010
00011111
00011111
00011111
00011111
00011111
00011111
01000100
00100010
00011111
00011111
00011111
00011111
00011111
00011111
01000100
00100010
00011111
00011111
00011111
00011111
00011111
00011111
01000100
00100010
00011111
00011111
00011111
00011111
00011111
00011111
01000100
00100010
00011111
00011111
00011111
00011111
00011111
00011111
01000100
00100010
00011111
00011111
00011111
00011111
00011111
00011111
01000100
00100010
00011111
00011111
00011111
00011111
00011111
00011111
01000100
00100010
00011111
00011111
00011111
00011111
00011111
00011111
00101011
00100000
00011111
00011111
00011111
00011111
00011111
00011111
00011111
00100011
00100110
00011110
00011110
00100110
00101001
00011110
00100100
01100100
01111111
00110010
00011111
00011100
00011001
00011111
00011111
00011111
00011111
00011111
00011111
00011111
00011111
00011111
00011100
00111110
00101100
00011011
00110000
00111110
00010111
00011100
00100010
00100011
00101001
00011110
00011111
00011111
00011111
00011111
00011111
00011111
00011111
00011111
00011111
00011111
00011111
00011111
00011111
00011111
00011111
00011111
00011111
00011111
00011111
00011111
00011111
00011111
00011111
00011111
00011111
00011111
00011111
00011111
00011111
00011111
00011111
00011111
00011111
00011111
00011110
00011111
00011111
00011111
00011111
00011111
00011111
00011111
00011110
00011111
00011111
00011111
00011111
00011111
00011111
00011111
00011110
00011111
00011111
00011111
00011111
00011111
00011111
00011111
00011110
00011111
00011111
00011111
00011111
00011111
00011111
00011111
00011110
00011111
00011111
00011111
00011111
00011111
00011111
00011111
00011110
00011111
00011111
00011111
00011111
00011111
00011111
00011111
00011110
00011111
00011111
00011111
00011111
00011111
00011111
00011111
00011110
00011111
00011111
00011111
00011111
00011111
00011111
00011111
00011110
00011111
00011111
00011111
00011111
00011111
00011111
00011111
00011110
00011111
00011111
00011111
00011111
00011111
00011111
00011111
00011110
00011111
00011111
00011111
00011111
00011111
00011111
00011111
00011110
00011111
00011111
00011111
00011111
00011111
00011111
00011111
00011110
00011111
00011111
00011111
00011111
00011111
00011111
00011111
00011110
00011111
00011111
00011111
00011111
00011111
00011111
00011111
00011110
00011111
00011111
00011111
00011111
00011111
00011111
00011111
00011110
00011111
00011111
00011111
00011111
00011111
00011111
00011111
00011110
00011111
00011111
00011111
00011111
00011111
00011111
00011111
00011110
00011111
00011111
00011111
00011111
00011111
00011111
00011111
00011110
00011111
00011111
00011111
00011111
00011111
00011111
00011111
00011110
00011111
00011111
00011111
00011111
00011111
00011111
00011111
00011111
00011111
00011111
00011111
00011111
00011111
00011111
00011111
00011111
00011111
00011111
00011111
00011111
00011111
00011111
00011111
00011110
00011111
00011111
00011111
00011111
00011111
00011111
00011111
00011111
00011110
00100111
00100010
00101000
00100011
00101000
00100001
00011110
00100011
10000001
10001110
10000011
01100110
10001010
01000000
01001001
00011111
00011111
00011111
00011111
00011111
00011111
00011111
00011111
00110001
01011001
01001000
00111011
00110110
00111000
00011011
00011110
00100000
00100011
00101001
00100010
00011011
00101000
00100111
00011110
00011111
00011111
00011100
00011011
00011111
00011111
00011111
00011111
00011111
00011110
00011110
00011111
00011111
00011110
00011110
00011111
00011001
01010000
01011010
00010010
01111001
01100110
01110001
01011111
00101101
00100010
00011111
00011111
00011111
00011111
00011111
00011111
00101101
00100010
00011111
00011111
00011111
00011111
00011111
00011111
00101101
00100010
00011111
00011111
00011111
00011111
00011111
00011111
00101101
00100010
00011111
00011111
00011111
00011111
00011111
00011111
00101101
00100010
00011111
00011111
00011111
00011111
00011111
00011111
00101101
00100010
00011111
00011111
00011111
00011111
00011111
00011111
00101101
00100010
00011111
00011111
00011111
00011111
00011111
00011111
00101101
00100010
00011111
00011111
00011111
00011111
00011111
00011111
00101101
00100010
00011111
00011111
00011111
00011111
00011111
00011111
00101101
00100010
00011111
00011111
00011111
00011111
00011111
00011111
00101101
00100010
00011111
00011111
00011111
00011111
00011111
00011111
00101101
00100010
00011111
00011111
00011111
00011111
00011111
00011111
00101101
00100010
00011111
00011111
00011111
00011111
00011111
00011111
00101101
00100010
00011111
00011111
00011111
00011111
00011111
00011111
00101101
00100010
00011111
00011111
00011111
00011111
00011111
00011111
00101101
00100010
00011111
00011111
00011111
00011111
00011111
00011111
00101101
00100010
00011111
00011111
00011111
00011111
00011111
00011111
00101101
00100010
00011111
00011111
00011111
00011111
00011111
00011111
00101101
00100010
00011111
00011111
00011111
00011111
00011111
00011111
00101101
00100010
00011111
00011111
00011111
00011111
00011111
00011111
00011011
01001001
01010010
00011010
00011010
01111001
01101000
00010101
00011111
01001111
10000000
00011000
01011100
10101000
10001010
01001010
00101101
00100010
00011111
00011111
00011111
00011111
00011111
00011111
00100100
00100000
00011111
00011111
00011111
00011111
00011111
00011111
00100011
00110100
00110010
00101101
00011101
00100100
00110101
00100111
00101100
00100111
01111001
00011001
00100101
10001001
00100001
00011010
00011111
00011111
00011111
00011111
00011111
00011111
00011111
00011111
00111111
01001101
01011010
00100111
00110100
00111010
00010111
00110110
00100101
00011100
00011111
00100110
01111011
10011011
01110000
00101001
00011111
00011111
00011111
00011111
00011111
00011111
00011111
00011111
00011110
00011110
00011110
00011111
00011110
00011111
00011111
00011111
01101010
01000011
00011000
00011100
00011111
00011111
00011100
00111100
00011111
00011111
00011111
00011111
00011111
00011111
00011100
00111011
00011111
00011111
00011111
00011111
00011111
00011111
00011111
00011111
00011111
00011111
00011111
00011111
00011111
00011111
00011111
00011111
00011111
00011111
00011111
00011111
00011111
00011111
00011111
00011010
00011111
00011111
00011111
00011111
00011111
00011111
00011111
00101110
00011111
00011111
00011111
00011111
00011111
00011111
00011111
00101110
00011111
00011111
00011111
00011111
00011111
00011111
00011111
00101110
00011111
00011111
00011111
00011111
00011111
00011111
00011111
00101110
00011111
00011111
00011111
00011111
00011111
00011111
00011111
00101110
00011111
00011111
00011111
00011111
00011111
00011111
00011111
00101110
00011111
00011111
00011111
00011111
00011111
00011111
00011111
00101110
00011111
00011111
00011111
00011111
00011111
00011111
00011111
00101110
00011111
00011111
00011111
00011111
00011111
00011111
00011111
00101110
00011111
00011111
00011111
00011111
00011111
00011111
00011111
00101110
00011111
00011111
00011111
00011111
00011111
00011111
00011111
00101110
00011111
00011111
00011111
00011111
00011111
00011111
00011111
00101111
00011111
00011111
00011111
00011111
00011111
00011111
00011111
00011001
00011111
00011111
00011111
00011111
00011111
00011111
00011110
00101001
00011111
00011111
00011111
00011111
00011111
00011111
00011111
00101110
00011111
00011111
00011111
00011111
00011111
00011111
00011111
00101110
01110111
01011010
10001000
00111111
01111000
00101010
00011011
00111000
00011011
00011111
00011110
00100010
10100001
01101111
10000011
01100111
00011111
00011111
00011111
00011111
00011111
00011111
00011111
00011110
00011111
00011111
00011111
00011111
00011111
00011111
00011111
00011111
00011101
00110001
00110100
00100001
00011111
10101010
01010101
00011010
10010111
10001001
10100110
01001100
10000000
01101000
00011000
00011111
00011111
00011111
00011111
00011111
00011111
00011111
00011111
00011111
01010111
01001000
00111011
00011110
00011111
00011110
00100110
01001001
10001111
10100101
01010001
00011010
00011111
00011111
00011110
00101001
00011100
00011010
00011111
00011111
00011111
00011111
00011111
00011111
00011101
00011101
00011110
00011111
00011110
00011101
00011110
00011111
10010110
01001010
00111100
10000000
01100011
01111100
01011111
00110000
10011000
10001000
01001110
00011110
00011111
00011100
00111111
01100100
00011110
00011110
00011110
00011111
00011111
00011111
00011111
00011101
00011111
00011111
00011111
00011111
00011111
00011111
00011111
00011111
01010001
01000000
00011000
01000100
10010110
10000110
00101000
01100101
00100000
00011111
00011111
00011111
00011111
00011111
00011111
00011111
00100000
00011111
00011111
00011111
00011111
00011111
00011111
00011111
00100000
00011111
00011111
00011111
00011111
00011111
00011111
00011111
00100000
00011111
00011111
00011111
00011111
00011111
00011111
00011111
00100000
00011111
00011111
00011111
00011111
00011111
00011111
00011111
00100000
00011111
00011111
00011111
00011111
00011111
00011111
00011111
00100000
00011111
00011111
00011111
00011111
00011111
00011111
00011111
00100000
00011111
00011111
00011111
00011111
00011111
00011111
00011111
00100000
00011111
00011111
00011111
00011111
00011111
00011111
00011111
00100000
00011111
00011111
00011111
00011111
00011111
00011111
00011111
00100000
00011111
00011111
00011111
00011111
00011111
00011111
00011111
00100000
00011111
00011111
00011111
00011111
00011111
00011111
00011111
01100101
01001100
00011010
00011100
01111011
01010110
00011110
10100000
10000111
01011010
00011001
01001111
10011110
01101011
00110001
00011101
00100000
00011111
00011111
00011111
00011111
00011111
00011111
00011111
00100000
00011111
00011111
00011111
00011111
00011111
00011111
00011111
10011000
10100110
01100101
00011010
01111010
10011111
01000000
01011101
10000101
01100111
10001100
10000000
01101000
01101100
01110110
00110100
00100010
01011100
01011010
00011111
00011111
00011111
00011111
00011110
00011111
00011111
00011111
00011111
00011111
00011111
00011111
00011111
00011111
00011111
00011111
00011111
00011010
01010100
01001011
00100100
00011011
00011100
00011000
10000110
10010000
10011110
01100011
10001100
00011111
00011111
00011111
00011111
00011111
00011111
00011111
00011111
00011001
01000010
00101100
00111101
01000001
00110001
00111011
01010101
01010010
00100111
00011111
00100010
00101010
00100000
00011111
00011111
00011111
00011111
00011111
00011111
00011011
00011100
00011111
00011100
00011101
00011101
00011111
00011011
00111110
01000010
00011100
00011111
10001111
01001001
00100101
00111000
01010100
10000110
00110110
10100011
00011111
01001111
01011101
01111111
10010101
01110011
00110011
10010110
00011101
00011101
00011111
00011110
00011110
00011111
00011111
00011111
00011111
00011111
00011111
00011111
00011111
00011111
00011111
00011111
00101100
00011101
00011111
00011111
00011111
00011011
01000001
01100010
00011111
00011111
00011111
00011111
00011111
00011010
01011110
10110101
00011111
00011111
00011111
00011111
00011111
00011111
00011110
00101000
00011111
00011111
00011111
00011111
00011111
00100000
00100100
00011111
00011111
00011111
00011111
00011111
00011111
00100001
00101101
00011111
00011111
00011111
00011111
00011111
00011111
00100001
00101101
00011111
00011111
00011111
00011111
00011111
00011111
00100001
00101101
00011111
00011111
00011111
00011111
00011111
00011111
00100001
00101101
00011111
00011111
00011111
00011111
00011111
00011111
00100001
00101101
00011111
00011111
00011111
00011111
00011111
00011111
00011111
00010101
01110001
00011111
00011111
00011111
00011111
00011111
00011110
00101001
01010110
00011111
00011111
00011111
00011111
00011111
00100001
00101110
00011111
00011111
00011111
00011111
00011111
00011111
00100001
00101110
00011111
01101110
10101000
01000111
10001101
00100000
00011010
00110000
10001001
00011111
00011111
00011100
01011010
10011001
01011101
00101001
10000110
00011111
00011111
00011111
00011111
00011111
00011111
00011111
00011101
00011111
00011111
00100001
00100100
00100100
00100011
00011111
00011111
10010111
10000001
00111011
01011011
10010011
00101010
00101111
00011101
10100000
01111111
00011011
00010010
01011011
01101100
00011010
00011111
00011111
00011111
00011110
00011110
00011110
00011110
00011010
01010110
00011111
00011111
00011111
00011111
00011111
00011111
00011111
00011111
00100000
00101000
00011110
01010100
10010011
00011110
00100000
01111011
00110111
01111110
01001011
01111011
00101001
10000011
01010001
01101101
00011111
00011111
00011111
00011111
00011111
00011111
00011111
00011111
01001000
00110101
00111101
00110000
00011100
00011111
00011111
00011111
00011111
00011111
00100011
00100101
00101010
00011101
00100010
00101110
00011100
00011110
00011111
00011100
00011000
00011110
00011101
00011111
00011111
00011111
00011101
00110111
01101001
00100110
00011110
00011111
01011001
00101111
00011110
00011111
00011111
00011110
00111100
10010100
01011010
00100000
10001011
10111010
10010011
00110011
01011101
10010111
00011111
00011111
00011111
00011111
00011111
00011111
00011111
00011111
00011111
00011111
00011111
00011111
00011111
00011111
00011111
00011111
00011010
00011011
01010010
10011101
10000010
00101000
10000001
01001010
10100010
01100001
00011010
00011111
00011010
01001101
01101111
01000111
01101001
01011011
00011111
00011101
00011110
00011111
00011110
00011110
00011111
00011111
00011111
00011111
00011111
00011111
00011111
00011111
00011111
00011111
00011111
00011111
00011111
00011111
00011111
00011111
00011111
00011111
00011111
00011111
00011111
00011111
00011111
00011111
00011111
00011111
00011111
00011111
00011111
00011111
00011111
00011111
00011111
00011111
00011111
00011111
00011111
00011111
00011111
00011111
00011111
00011111
00011111
00011111
00011111
00011111
00011111
00011111
01000001
00010111
00011111
00100101
00011110
00110111
10010001
10011010
00111011
00011101
00100011
10001000
01001001
00101000
00011110
00011111
00011111
00011111
00011111
00011111
00011111
00011111
00011111
00011111
00011111
00011111
00011111
00011111
00011111
00011111
00011111
00011111
10100000
01000010
00101000
10100001
01110010
00110100
10010010
01111111
10010001
00111010
00010011
01100000
01001001
00011011
00111110
01011100
00100110
00100111
00011111
00011111
00011111
00011111
00011111
00011111
00011111
00011111
00011111
00011111
00011111
00011111
00011111
00011111
00011111
00011111
00011111
00100001
10001011
00110101
01110000
00100101
00011111
00011111
00011010
10000011
01000010
00100101
01111000
10000100
01101001
00011010
00011111
00100110
00011110
00011111
00011111
00011110
00011111
00011111
00011111
00011111
00011111
00011111
00011111
00011111
10000111
00011001
00011111
00011010
01011111
01000001
00100101
00100000
00111001
01111110
01000010
01111110
10101001
01000110
10001011
00101001
00011111
00011111
00011111
00011111
00011111
00011111
00011111
00011111
00011111
00011100
01000011
00101000
00011001
00111101
00101100
00110101
00100000
00100001
00100011
00101100
00011111
00011101
00101001
00101101
00011111
00011111
00011111
00011111
00011111
00011110
00011100
00011100
00011100
00011110
00011110
00011111
00011110
00011111
00011111
00011111
01000000
01001101
01101011
00101110
01110100
00011010
00011111
00011111
01100010
00010101
10001111
01100001
00010101
00110000
01010100
01011100
00011111
00011111
00011110
00011111
00011111
00011111
00011111
00011111
00011111
00011111
00011111
00011111
00011111
00011111
00011111
00011111
10000100
00110100
10001010
10011000
01010011
00011011
00011111
00011111
01110000
01100110
10101010
10010000
10000111
00111000
10011100
01011000
00011110
00011111
00011111
00011111
00011111
00011111
00011110
00011101
00011111
00011111
00011111
00011111
00011111
00011111
00011111
00011111
00011111
00011111
00011111
00011111
00011110
00100101
00101001
00101001
00011111
00011111
00011111
00011111
00011111
00101101
10001100
01000111
00011111
00011111
00011111
00011111
00011111
00011000
01100111
01010101
00011111
00011111
00011111
00011110
00100100
00101011
00011110
00011111
00011111
00011111
00011111
00011110
00100100
00101011
00011110
00011111
10001010
01010000
01111110
00010101
00100100
00010101
01011011
01010111
00011110
00100110
00111101
01001111
00110001
00011111
01001101
01000110
00011111
00011111
00011111
00011111
00011111
00011111
00011110
00011100
00011111
00011111
00011111
00011111
00011111
00011111
00011101
00011111
01100000
00011010
10010110
01010110
00011000
00011111
00011111
00011111
10000000
00100011
00110111
01100111
01111000
00011001
00011111
00011111
00011111
00011111
00011111
00011111
00011111
00011101
00111101
00110100
00011111
00011111
00011111
00011111
00011111
00011111
00011111
00011111
01111010
00100100
00101100
01111101
00011001
00011111
00011111
00011101
01110111
00100111
00011110
00011111
00011111
00011011
01101010
10010001
00011111
00011111
00011010
01110101
01000000
00101101
01001100
01001110
00011111
00011111
00011111
00011100
00011110
00011111
00011111
00011111
00101001
00100000
00011111
00011111
00011110
00100000
10100001
01011001
00011111
01000001
10111000
01111011
00010101
00111011
01111100
10100101
00011111
00011111
00011111
00011111
00011111
00011111
00011111
00011111
00110010
01010000
01001101
01001000
00101001
00011110
00011111
00011111
00100111
00011100
00101100
00100011
00011011
00110001
10110001
00101111
00011111
00011101
00011010
00011111
00011111
00011111
00011111
00011111
00011101
00111001
01000101
00011011
00011111
00011111
00011111
00011111
00011000
10000010
00111111
00010101
00101100
10110110
10001011
10101001
00101010
00011010
01010110
00101111
00011010
00110101
01111001
00010111
00011111
00011111
00011111
00011111
00011111
00011111
00011111
00011111
00011111
00011111
00011111
00011111
00011111
00011111
00011111
00011111
00011100
01101000
10011011
10001101
00111111
01011111
00100011
01101100
00011111
01111110
10101011
01110010
00110101
10001010
10001001
10000101
00011111
00011111
00011101
00011101
00100000
01100000
01100000
00100000
00011111
00011111
00011111
00011111
00011111
00011111
00011111
00011111
00011110
00011111
00011111
00011111
00100001
00110010
00100010
00110001
00100110
00011110
00011001
00011000
01001001
10000110
10010111
10000010
00011010
00011010
01101100
10011001
01000101
00011011
00011111
00011111
00011111
00011111
00011111
00011111
00011111
00011111
00011111
00011111
00011111
00011111
00011111
00011111
00011111
00011111
00011111
00011111
00010011
00111100
10000101
00001110
00110111
10101101
10000010
01111010
00100110
00111001
00011000
00101000
01000000
10011000
01110100
10011001
00011101
00011111
00011111
00011111
00011111
00011111
00011111
00011111
00011111
00011111
00011101
00011110
00011111
00011101
00011110
00011101
00011111
00011100
00110101
10000101
00101111
10000001
00100100
10010001
00011111
00011001
01111111
00111000
00100001
01100000
01100111
01011010
00011101
00011110
00011011
00011111
00011111
00011111
00011111
00011111
00100000
00100100
00100100
00100100
00100000
00011111
00011111
00011111
00111111
00010111
10000000
01110101
00110011
00011101
00011111
00011111
00110000
00010110
01101001
01001001
00011001
00101101
01101010
00100010
00101001
00011110
00011111
00011110
00100011
01001000
00100000
00011111
00011111
00011101
00011100
00011111
00011111
00011111
00011111
00011111
00011001
00011111
00011111
00011111
00011111
00011111
00011111
00011111
01010001
10000000
01101000
10001111
01000110
10101010
10000000
10100100
00011111
00011111
00011111
00011111
00011111
00011111
00011111
00011111
00011110
00011100
00110101
01000001
00011111
01000100
00101011
00011011
00101100
01111100
10001011
00111101
01000101
10000111
10000111
00100110
00011111
00011111
00011111
00011111
00011111
00011111
00011111
00011111
00011111
00011111
00011111
00011111
00011111
00011111
00011111
00011111
01011101
01101100
01000011
01101011
01110010
10111110
10000000
00101010
00011011
10000000
01000000
00010110
01100101
10011100
10011000
00101011
00011111
00011111
00011111
00011111
00011111
00011111
00011111
00011111
00011111
00011111
00011111
00011111
00011111
00011111
00011111
00011111
00100011
00011110
00011111
00011010
01100010
01010000
00011010
00100000
00011100
10101000
01000000
00011010
00100101
00101110
00101110
00011111
00011100
00101111
00111001
00100001
00011111
00011111
00011111
00011110
00011111
00011111
00011111
00011111
00011111
00011111
00011111
00011111
00100100
00101010
00011110
00011110
00101101
00111011
00111010
00100110
01010110
10000010
00100100
01001011
00010100
01100011
01010010
00010011
00011111
00011011
00010111
00011101
00011110
00011000
00011001
00011011
00011111
00011111
00011111
00011111
00011111
00011111
00011111
00011111
00011111
00011111
00011111
00011111
00011111
00011011
00011110
00011111
00100011
10101111
00111000
00011100
00011111
00011111
00011111
00011111
00100010
00011110
00011111
00011111
00011001
10000001
01010001
00011010
00011111
00011111
00011111
00011111
00011111
00011010
00011101
00011111
00011110
00011110
00011111
00011111
00011110
00011100
00011100
00011110
00100001
00111011
01111100
00011000
00011111
00011111
00011111
00011111
00100001
00011111
00011111
00011101
00110000
00111110
01111100
00101011
00011111
00011011
00111011
00101010
00011111
00100011
00100011
00100000
00011111
00011111
00011001
00011110
00011111
00011111
00011111
00011111
00011111
00011111
00011111
00011111
00011111
00011111
00011111
00011111
00011110
00011111
00011111
00011111
00011111
00011111
00011111
00011111
00011111
00011110
00011110
00011101
00110010
01001100
01001110
00011111
00011111
00011111
00011111
00011111
00011111
00011111
00011111
00011111
00011111
00011111
00011111
00011111
00011111
00011111
00011111
00011111
00100001
01000000
01111101
00010011
01111111
01001101
01110101
01010101
00011111
00011111
00011111
00011111
00011111
00011111
00011111
00011111
00101000
01011011
00110001
00011100
00011101
00101011
01001010
00011110
00110010
10110011
00101111
00011101
00100001
00100101
00011111
00011111
00011111
00011111
00011111
00011111
00011111
00011111
00011111
00011111
00011111
00011111
00011111
00011111
00011111
00011111
00011111
00011111
10101011
01111010
01011101
00011011
10001100
01011010
00010111
00101000
01001010
01001101
01010011
00011011
00011100
10101011
00111100
00011100
00011111
00011111
00011111
00011111
00011111
00011111
00011111
00011111
00011111
00011111
00011111
00011111
00011111
00011111
00011111
00011111
10000001
10011110
10001001
00111011
01101011
00100101
01100111
01100101
01001110
10000101
00011110
00011111
00101110
00101100
00101000
00011100
00100110
10000110
00101111
00011101
00011110
00011101
00011110
00011111
00011111
00011111
00011111
00011111
00011111
00011111
00011111
00011111
00011110
00110011
00111000
00011111
00101011
00111100
00110000
00011110
01010001
01101110
00001100
01000010
10101001
10000110
10010111
00101110
01101110
10011010
00100011
00011110
01011101
10000010
01001000
00011100
00011111
00011111
00011111
00011111
00011111
00011111
00011111
00011111
00011110
00011001
00011110
00011110
00011001
00011100
00011010
00011101
00011010
01111000
01101100
00011101
00011110
00011111
00011111
00011110
00100110
00100111
00100111
00100000
00011111
00011111
00011101
00111111
00011111
00011111
00011111
00011111
00011111
00011111
00011111
00011111
00011111
00011101
00011101
00011111
00011110
00011100
00011101
00011111
00010101
10000001
01101110
00011000
00011111
00011111
00011111
00011111
01010100
10001010
00110101
00011001
00111011
01110111
00011101
00011111
00011111
00011111
00011111
00100001
00100010
00011110
00011111
00011111
00011100
00011010
00011111
00011111
00011111
00011111
00011110
00011111
00011111
00011111
00011111
00011111
00011111
00011111
00011111
00011111
00011111
00011111
00011111
00011111
00011111
00011111
00011111
00011111
01011011
01011100
00011001
00011111
00011111
00011111
00011111
00011111
00011101
00011101
00011111
00011111
00011111
00011111
00011111
00011111
00011111
00011111
00011111
00011111
00011111
00011111
00011111
00011111
00010111
00011100
00011011
00011111
00010110
10001011
01100000
00011001
00011111
00011111
00011111
00011111
00011111
00011111
00011111
00011111
00111111
00110011
00011100
00011111
00011111
00011101
00110000
01000010
00011111
00011111
00011111
00011111
00011111
00011111
00011111
00011111
00011111
00011111
00011111
00011111
00011111
00011111
00011111
00011111
00011111
00011111
00011111
00011111
00011111
00011111
00011111
00011111
00110101
01101100
01010010
01001111
10000111
00111100
00100110
00010101
00011111
00011111
00011111
00011111
00011111
00011111
00011111
00011111
00011110
00011111
00011111
00011110
00011111
00011111
00011111
00011111
00011111
00011111
00011111
00011111
00011111
00011111
00011111
00011111
10101100
10011101
01110010
01001100
10011110
10010001
00101010
01001011
00101010
10110010
00101000
00011101
00011111
00011111
00011111
00011111
00011111
00011111
00011111
00011110
00011110
00011101
00011111
00011110
00011111
00011111
00011111
00011111
00011111
00011111
00011111
00011111
00011111
00011111
00011111
00011110
00101110
00111010
00100100
00101011
10110101
00101000
00011101
00100101
00111110
00100111
00100001
00011100
00011111
00011111
00011111
00011101
10000010
00111011
00011011
00011100
00011111
00011111
00011111
00011111
00011110
00011111
00011111
00011111
00011011
00011111
00011111
00011010
00010111
00011000
00011110
00011110
00100001
10100111
00101110
00011101
00011111
00011111
00011111
00011111
01011011
10000001
01100100
00011001
01000001
00101000
00011110
00011111
00011111
00011010
00011110
00011110
00011101
00011101
00011111
00011111
00011101
01011111
00101011
00011101
00011111
00011111
00011101
01011110
00011111
00011111
00011111
00011111
00011111
00011111
00011111
00011111
00011111
00011111
00011111
00011111
00011111
00011111
00011111
00011111
00011111
00011111
00011111
00100001
00100011
00100011
00011101
00111101
00011111
00011111
00011111
00011111
00011111
00011111
00011111
00011011
00011111
00011111
00011111
00011111
00011111
00011111
00011111
00011111
00011111
00011111
00011111
00011111
00011111
00011111
00011111
00011111
00011111
00011111
00011111
00011111
00011111
00011111
00011111
00011111
00011111
00011111
00011111
00011111
00011111
00011111
00011111
00011111
00011111
00011111
00011111
00011111
00011111
00011111
00011111
00011111
00011111
00011111
00011111
00011111
00011111
00011111
00011111
00011111
00011111
00011111
00011111
00011111
00011111
00011111
00011111
00011111
00111111
01000000
00111001
01001110
01010011
01000010
00011111
01001000
00011111
00011111
00011111
00011111
00011111
00011111
00011111
00011111
00011111
00011111
00011111
00011111
00011111
00011111
00011111
00011111
00011111
00011111
00011111
00011111
00011111
00011111
00011111
00011111
10001000
01100100
00010101
00111111
01010000
00011100
00011111
00011111
00011111
00011111
00011111
00011111
00011111
00011111
00011111
00011111
00011111
00011111
00011111
00011111
00011111
00011111
00011111
00011101
00011111
00011111
00011111
00011111
00011111
00011111
00011111
00011111
10100100
00011001
00101110
01111101
10000101
01000100
00010101
01100001
00011111
00011111
00011111
00011111
00011111
00011111
00011111
00011111
00011101
00011110
00011111
00011110
00011101
00011111
00011111
00011101
00011111
00011111
00011111
00011111
00011111
00011111
00011101
00011010
00100000
00101011
00011110
00101111
00111100
00101100
00011110
00011111
00011100
00011000
00111111
10110111
01000100
00011011
00011101
00101001
00011100
00011100
00011111
00011111
00011111
00011100
01001101
01110101
00011111
00011111
00011111
00011111
00011111
00011111
00011111
00011111
00011000
00011001
00011110
00011001
00010111
00011011
00011011
01000000
00011111
00011111
00011111
00011111
00011111
00011111
00011111
00011111
00011111
00011111
00011111
00011111
00011111
00011111
00011111
00011111
00011111
00011111
00011110
00011101
00011111
00011111
00011111
00011111
01000111
00011100
00011111
00011111
00011101
00011110
00011110
00011111
00011111
00011111
00011111
00011111
00011111
00011111
00011111
00011111
00011111
00011111
00011111
00011111
00011111
00011111
00011111
00011111
00100110
00011110
00011111
00011111
00011111
00011111
00011111
00011111
00011100
00011111
00011111
00011111
00011111
00011111
00011111
00011111
00011111
00011111
00011111
00011111
00011111
00011111
00011111
00011111
00011111
00011111
00011111
00011111
00011111
00011111
00011111
00011111
00011111
00011111
00011111
00011111
00011111
00011111
00011111
00011111
00011111
00011111
00011111
00011111
00011111
00011111
00011111
00011111
00011111
00011111
00011111
00011111
00011111
00011111
00011111
00011111
00011111
00011111
00011111
00011111
00011111
00011111
00011111
00011111
00011111
00011111
00011111
00011111
00011111
00011111
00011111
00011111
00011100
00011100
01000101
00100111
00011101
00011111
00011111
01000011
00011111
00011111
00011111
00011111
00011111
00011111
00011111
00011111
00011111
00011111
00011111
00011111
00011111
00011111
00011111
00011111
00011111
00011111
00011111
00011111
00011111
00011111
00011111
00011111
00011111
00011111
00011111
00011111
00011111
00011111
00011111
00011111
00011111
00011111
00011111
00011111
00011111
00011111
00011111
00011111
00011101
00011111
00011111
00011111
00011111
00011111
00011110
00011101
00011111
00011111
00011111
00011111
00011111
00011111
00011111
00011111
10010010
00011000
00100011
10000110
00110101
00011101
00011111
00011111
00011111
00011111
00011111
00011111
00011111
00011111
00011111
00011111
00011101
00011110
00011111
00011101
00011110
00011111
00011000
01101100
00011011
00011111
00011111
00011111
00011111
00011111
00011111
00011110
00011111
00011110
00100011
00111001
00111000
00100011
00110111
00111011
00101100
00011101
00110111
00100011
00110100
00100010
00101111
00101010
01110011
01000011
00011011
00011010
00011110
00011111
00011111
00011111
00011110
00011111
00011111
00011111
00011111
00011111
00011111
00011111
10011010
00100000
00011110
00011111
00011111
00011011
01111011
01111001
00011111
00011111
00011111
00011111
00011111
00011111
00011111
00011111
00011111
00011111
00011111
00011111
00011111
00011111
00011111
00011111
00011111
00011111
00011101
00011101
00011101
00011111
00011010
00011101
00011110
00011110
00011111
00011111
00011111
00011100
01011001
00110000
00011111
00011111
00011111
00011111
00011111
00011111
00011111
00011111
00011111
00011111
00011111
00011111
00011111
00011111
00011111
00011111
00011111
00011111
00011111
00011111
00011111
00011111
00011111
00011111
00011111
00011111
00011111
00011111
00011111
00011111
00011111
00011111
00011111
00011111
00011111
00011111
00011111
00011111
00011111
00011111
00011111
00011111
00011111
00011111
00011111
00011111
00011111
00011111
00011111
00011111
00011111
00011111
00011111
00011111
00011111
00011111
00011111
00011111
00011111
00011111
00011111
00011111
00011111
00011111
00011111
00011111
00011111
00011111
00011111
00011111
00011111
00011111
00011111
00011111
00011111
00011111
00011111
00011111
00011111
00011111
00011111
00011111
00011111
00011111
00011111
00011111
00011111
00011111
00011110
00011100
01000100
01010001
00011111
00011111
00011111
00011111
00011111
00011111
00011111
00011111
00011111
00011111
00011111
00011111
00011111
00011111
00011111
00011111
00011111
00011111
00011111
00011111
00011111
00011111
00011111
00011111
00011111
00011111
00011111
00011111
00011111
00011111
00011111
00011111
00011111
00011111
00011111
00011111
00011111
00011111
00011111
00011111
00011111
00011111
00011111
00011111
00011110
00011111
00011111
00011111
00011111
00011111
00011111
00011111
00011111
00011111
00011111
00011111
00011111
00011111
00011111
00011111
00011111
00011111
00011111
00011111
00011111
00011111
00011111
00011111
00011111
00011111
00011111
00011111
00011111
00011111
00011111
00011111
01011011
00011000
00101110
00110100
00011011
01000011
10000000
00011010
00011101
00011111
00011111
00011111
00011111
00011110
00011101
00011111
00110011
00011110
00110000
00111100
00101011
00101010
00101001
00101001
00011100
00011111
00011011
00011101
00100111
10010000
10000010
10000010
00011111
00011111
00011111
00011111
00011111
00011111
00011111
00011111
00011111
00011111
00011111
00011111
00011111
00011111
00011111
00011111
00011101
00011111
00011111
00011111
00011111
00011111
00011111
00011111
00011111
00011111
00011111
00011111
00011111
00011111
00011111
00011111
00011111
00011111
00011111
00011111
00011111
00011111
00011111
00011111
00011111
00011111
00011111
00011111
00011111
00011111
00011111
00011111
00011100
00011111
00011111
00011111
00011111
00011111
00011111
00011111
00011111
00011111
00011111
00011111
00011111
00011111
00011111
00011111
00011111
00011111
00011111
00011111
00011111
00011111
00011111
00011111
00011111
00011111
00011111
00011111
00011111
00011111
00011111
00011111
00011111
00011111
00011111
00011111
00011111
00011111
00011111
00011111
00011111
00011111
00011111
00011111
00011111
00011111
00011111
00011111
00011111
00011111
00011111
00011111
00011111
00011111
00011111
00011111
00011111
00011111
00011111
00011111
00011111
00011111
00011111
00011111
00011111
00011111
00011111
00011111
00011111
00011111
00011111
00011111
00011111
00011111
00011111
00011111
00011111
00011111
00011111
00011111
00011111
00011111
00011111
00011111
00011111
00011111
00011111
00011111
00011111
00011111
00011111
00011111
00011111
00011111
00011111
00011111
00011111
00011111
00011111
00011111
00011111
00011111
00011111
00011111
00011111
00011111
00011111
00011111
00011111
00011111
00011111
00011111
00011111
00011111
00011111
00011111
00011111
00011111
00011111
00011111
00011111
00011111
00011111
00011111
00011111
00011111
00011111
00011111
00011111
00011111
00011111
00011111
00011111
00011111
00011111
00011111
00011111
00011111
00011111
00011111
00011111
00011111
00011111
00011111
00011111
00011111
00011111
00011111
00011110
00011110
00011111
00011111
00011111
00011111
00011111
00011111
00011111
00011111
00011111
00011111
00011111
00011111
00011111
00011111
00011111
00011111
00011111
00011111
00011111
00011111
00011111
00011111
00011111
00011111
00011111
00011111
00011111
00011111
00011110
00011111
00011111
00011111
00011111
00011111
00011111
00011111
00011111
00011111
00011111
00011111
00011111
00011111
00100111
00100110
00111011
00110100
00100011
00101001
00100001
00101011
01110001
01011110
10000111
10011100
00010111
01110011
01000010
00001111
00011111
00011111
00011111
00011111
00011111
00011111
00011111
00011111
00011111
00011110
00011110
00011111
00011111
00011111
00011111
00011111
00011001
01101011
01110010
00011000
00011111
00011111
00011111
00011111
00011111
00011111
00011111
00011111
00011111
00011111
00011111
00011111
00011111
00011111
00011111
00011111
00011111
00011111
00011111
00011111
00011111
00011111
00011111
00011111
00011111
00011111
00011111
00011111
00011111
00011111
00011111
00011111
00011111
00011111
00011111
00011111
00011111
00011111
00011111
00011111
00011111
00011111
00011111
00011111
00011111
00011111
00011111
00011111
00011111
00011111
00011111
00011111
00011111
00011111
00011111
00011111
00011111
00011111
00011111
00011111
00011111
00011111
00011111
00011111
00011111
00011111
00011111
00011111
00011111
00011111
00011111
00011111
00011111
00011111
00011111
00011111
00011111
00011111
00011111
00011111
00011111
00011111
00011111
00011111
00011111
00011111
00011111
00011111
00011111
00011111
00011111
00011111
00011111
00011111
00011111
00011111
00011111
00011111
00011111
00011111
00011111
00011111
00011111
00011111
00011111
00011111
00011111
00011111
00011111
00011111
00011111
00011111
00011111
00011111
00011111
00011111
00011111
00011111
00011111
00011111
00011111
00011111
00011111
00011111
00011111
00011111
00011111
00011111
00011111
00011111
00011111
00011111
00011111
00011111
00011111
00011111
00011111
00011111
00011111
00011111
00011111
00011111
00011111
00011111
00011111
00011111
00011111
00011111
00011111
00011111
00011111
00011111
00011111
00011111
00011111
00011111
00011111
00011111
00011111
00011111
00011111
00011111
00011111
00011111
00011111
00011111
00011111
00011111
00011111
00011111
00011111
00011111
00011111
00011111
00011111
00011111
00011111
00011111
00011111
00011111
00011111
00011111
00011111
00011111
00011111
00011111
00011111
00011111
00011111
00011111
00011111
00011111
00011111
00011111
00011111
00011111
00011111
00011111
00011111
00011111
00011111
00011111
00011111
00011111
00011111
00011111
00011111
00011111
00011111
00011111
00011111
00011111
00011111
00011111
00011111
00011111
00011111
00011111
00011111
00011111
00011110
00101000
00111100
00101000
00011110
00011111
00011111
00011110
01011010
01110111
00100111
01000100
00010001
01101100
00111010
00010101
00011111
00011111
00011111
00011111
00011111
00011111
00011111
00011111
00011111
00011111
00011111
00011111
00011111
00011111
00011111
00011111
00011111
00011111
00011111
00011111
00011111
00011111
00011111
00011111
00011111
00011111
00011111
00011111
00011111
00011111
00011111
00011111
00011111
00011111
00011111
00011111
00011111
00011111
00011111
00011111
00011111
00011111
00011111
00011111
00011111
00011111
00011111
00011111
00011111
00011111
00011111
00011111
00011111
00011111
00011111
00011111
00011111
00011111
00011111
00011111
00011111
00011111
00011111
00011111
00011111
00011111
00011111
00011111
00011111
00011111
00011111
00011111
00011111
00011111
00011111
00011111
00011111
00011111
00011111
00011111
00011111
00011111
00011111
00011111
00011111
00011111
00011111
00011111
00011111
00011111
00011111
00011111
00011111
00011111
00011111
00011111
00011111
00011111
00011111
00011111
00011111
00011111
00011111
00011111
00011111
00011111
00011111
00011111
00011111
00011111
00011111
00011111
00011111
00011111
00011111
00011111
00011111
00011111
00011111
00011111
00011111
00011111
00011111
00011111
00011111
00011111
00011111
00011111
00011111
00011111
00011111
00011111
00011111
00011111
00011111
00011111
00011111
00011111
00011111
00011111
00011111
00011111
00011111
00011111
00011111
00011111
00011111
00011111
00011111
00011111
00011111
00011111
00011111
00011111
00011111
00011111
00011111
00011111
00011111
00011111
00011111
00011111
00011111
00011111
00011111
00011111
00011111
00011111
00011111
00011111
00011111
00011111
00011111
00011111
00011111
00011111
00011111
00011111
00011111
00011111
00011111
00011111
00011111
00011111
00011111
00011111
00011111
00011111
00011111
00011111
00011111
00011111
00011110
00011110
00011111
00011111
00011111
00011111
00011111
00011111
00011111
00011111
00011111
00011111
00011111
00011111
00011111
00011111
00011111
00011111
00011111
00011111
00011111
00011111
00011111
00011111
00011111
00011111
00011111
00011111
00011111
00011111
00011111
00011111
00011111
00011111
00011111
00011111
00011111
00011111
00011111
00011111
00011111
00011111
00011111
00011111
00011111
00011111
00011111
00011111
00101100
00111010
00100100
00011101
00101000
00100100
00011110
00011111
01010000
10111101
00110101
00011000
10100011
01000001
00010101
01100111
00011111
00011111
00011111
00011111
00011111
00011111
00011111
00011111
00011111
00011111
00011111
00011111
00011111
00011111
00011111
00011111
00011111
00011111
00011111
00011111
00011111
00011111
00011111
00011111
00011111
00011111
00011111
00011111
00011111
00011111
00011111
00011111
00011111
00011111
00011111
00011111
00011111
00011111
00011111
00011111
00011111
00011111
00011111
00011111
00011111
00011111
00011111
00011111
00011111
00011111
00011111
00011111
00011111
00011111
00011111
00011111
00011111
00011111
00011111
00011111
00011111
00011111
00011111
00011111
00011111
00011111
00011111
00011111
00011111
00011111
00011111
00011111
00011111
00011111
00011111
00011111
00011111
00011111
00011111
00011111
00011111
00011111
00011111
00011111
00011111
00011111
00011111
00011111
00011111
00011111
00011111
00011111
00011111
00011111
00011111
00011111
00011111
00011111
00011111
00011111
00011111
00011111
00011111
00011111
00011111
00011111
00011111
00011111
00011111
00011111
00011111
00011111
00011111
00011111
00011111
00011111
00011111
00011111
00011111
00011111
00011111
00011111
00011111
00011111
00011111
00011111
00011111
00011111
00011111
00011111
00011111
00011111
00011111
00011111
00011111
00011111
00011111
00011111
00011111
00011111
00011111
00011111
00011111
00011111
00011111
00011111
00011111
00011111
00011111
00011111
00011111
00011111
00011111
00011111
00011111
00011111
00011111
00011111
00011111
00011111
00011111
00011111
00011111
00011111
00011111
00011111
00011111
00011111
00011111
00011111
00011111
00011111
00011111
00011111
00011111
00011111
00011111
00011111
00011111
00011111
00011111
00011111
00011111
00011111
00011111
00011111
00011111
00011111
00011111
00011111
00011111
00011111
00100010
00100000
00011111
00011111
00011111
00011111
00011111
00011111
00011111
00011111
00011111
00011111
00011111
00011111
00011111
00011111
00011111
00011111
00011111
00011111
00011111
00011111
00011111
00011111
00011111
00011111
00011111
00011111
00011111
00011111
00011111
00011111
00011111
00011111
00011111
00011111
00011111
00011111
00011111
00011111
00011111
00011111
00011111
00011111
00011111
00011111
00011111
00011111
00011111
00011111
00011111
00011111
00110010
00111001
00100100
00101001
01101110
00101010
01010001
10001001
00010101
01111001
10000001
10000010
00011111
00011111
00011111
00011111
00011111
00011111
00011111
00011111
00011111
00011111
00011111
00011111
00011111
00011111
00011111
00011111
00011111
00011111
00011111
00011111
00011111
00011111
00011111
00011111
00011111
00011111
00011111
00011111
00011111
00011111
00011111
00011111
00011111
00011111
00011111
00011111
00011111
00011111
00011111
00011111
00011111
00011111
00011111
00011111
00011111
00011111
00011111
00011111
00011111
00011111
00011111
00011111
00011111
00011111
00011111
00011111
00011111
00011111
00011111
00011111
00011111
00011111
00011111
00011111
00011111
00011111
00011111
00011111
00011111
00011111
00011111
00011111
00011111
00011111
00011111
00011111
00011111
00011111
00011111
00011111
00011111
00011111
00011111
00011111
00011111
00011111
00011111
00011111
00011111
00011111
00011111
00011111
00011111
00011111
00011111
00011111
00011111
00011111
00011111
00011111
00011111
00011111
00011111
00011111
00011111
00011111
00011111
00011111
00011111
00011111
00011111
00011111
00011111
00011111
00011111
00011111
00011111
00011111
00011111
00011111
00011111
00011111
00011111
00011111
00011111
00011111
00011111
00011111
00011111
00011111
00011111
00011111
00011111
00011111
00011111
00011111
00011111
00011111
00011111
00011111
00011111
00011111
00011111
00011111
00011111
00011111
00011111
00011111
00011111
00011111
00011111
00011111
00011111
00011111
00011111
00011111
00011111
00011111
00011111
00011111
00011111
00011111
00011111
00011111
00011111
00011111
00011111
00011111
00011111
00011111
00011111
00011111
00011111
00011111
00011111
00011111
00011111
00011111
00011111
00011111
00011111
00011111
00011111
00011111
00011111
00011111
00011111
00011111
00011111
00011111
00011111
00011111
00011111
00011111
00011111
00011111
00011111
00011111
00011111
00011111
00011111
00011111
00011111
00011111
00011111
00011111
00011111
00011111
00011111
00011111
00011111
00011111
00011111
00011111
00011111
00011111
00011111
00011111
00011111
00011111
00011111
00011111
00011111
00011111
00011111
00011111
00011111
00011111
00011111
00011111
00011111
00011111
00011111
00011111
00011111
00011111
00011111
00011111
00011111
00011111
00100000
00101010
00011110
00110010
00111100
00101000
00011110
00011111
10010110
10000011
00101010
01010011
10010011
01010010
00010011
01011110
00011111
00011111
00011111
00011111
00011111
00011111
00011111
00011111
00011111
00011111
00011111
00011111
00011111
00011111
00011111
00011111
00011111
00011111
00011111
00011111
00011111
00011111
00011111
00011111
00011111
00011111
00011111
00011111
00011111
00011111
00011111
00011111
00011111
00011111
00011111
00011111
00011111
00011111
00011111
00011111
00011111
00011111
00011111
00011111
00011111
00011111
00011111
00011111
00011111
00011111
00011111
00011111
00011111
00011111
00011111
00011111
00011111
00011111
00011111
00011111
00011111
00011111
00011111
00011111
00011111
00011111
00011111
00011111
00011111
00011111
00011111
00011111
00011111
00011111
00011111
00011111
00011111
00011111
00011111
00011111
00011111
00011111
00011111
00011111
00011111
00011111
00011111
00011111
00011111
00011111
00011111
00011111
00011111
00011111
00011111
00011111
00011111
00011111
00011111
00011111
00011111
00011111
00011111
00011111
00011111
00011111
00011111
00011111
00011111
00011111
00011111
00011111
00011111
00011111
00011111
00011111
00011111
00011111
00011111
00011111
00011111
00011111
00011111
00011111
00011111
00011111
00011111
00011111
00011111
00011111
00011111
00011111
00011111
00011111
00011111
00011111
00011111
00011111
00011111
00011111
00011111
00011111
00011111
00011111
00011111
00011111
00011111
00011111
00011111
00011111
00011111
00011111
00011111
00011111
00011111
00011111
00011111
00011111
00011111
00011111
00011111
00011111
00011111
00011111
00011111
00011111
00011111
00011111
00011111
00011111
00011111
00011111
00011111
00011111
00011111
00011111
00011111
00011111
00011111
00011111
00011111
00011111
00011111
00011111
00011111
00011111
00011111
00011111
00011111
00011111
00011111
00011111
00011111
00011111
00011111
00011111
00011111
00011111
00011111
00011111
00011111
00011111
00011111
00011111
00011111
00011111
00011111
00011111
00011111
00011111
00011111
00011111
00011111
00011111
00011111
00011111
00011111
00011111
00011111
00011111
00011111
00011111
00011111
00011111
00011111
00011111
00011111
00011111
00011111
00011111
00011111
00011111
00011111
00011111
00011111
00011111
00011111
00011111
00011111
00011111
00011111
00011110
00101011
00111011
00100111
00100110
00101011
00100000
01101010
00011010
00011110
00011001
00011110
00011111
00011111
00011111
00011111
00011111
00011111
00011111
00011111
00011111
00011111
00011111
00011111
00011111
00011111
00011111
00011111
00011111
00011111
00011111
00011111
00011111
00011111
00011111
00011111
00011111
00011111
00011111
00011111
00011111
00011111
00011111
00011111
00011111
00011111
00011111
00011111
00011111
00011111
00011111
00011111
00011111
00011111
00011111
00011111
00011111
00011111
00011111
00011111
00011111
00011111
00011111
00011111
00011111
00011111
00011111
00011111
00011111
00011111
00011111
00011111
00011111
00011111
00011111
00011111
00011111
00011111
00011111
00011111
00011111
00011111
00011111
00011111
00011111
00011111
00011111
00011111
00011111
00011111
00011111
00011111
00011111
00011111
00011111
00011111
00011111
00011111
00011111
00011111
00011111
00011111
00011111
00011111
00011111
00011111
00011111
00011111
00011111
00011111
00011111
00011111
00011111
00011111
00011111
00011111
00011111
00011111
00011111
00011111
00011111
00011111
00011111
00011111
00011111
00011111
00011111
00011111
00011111
00011111
00011111
00011111
00011111
00011111
00011111
00011111
00011111
00011111
00011111
00011111
00011111
00011111
00011111
00011111
00011111
00011111
00011111
00011111
00011111
00011111
00011111
00011111
00011111
00011111
00011111
00011111
00011111
00011111
00011111
00011111
00011111
00011111
00011111
00011111
00011111
00011111
00011111
00011111
00011111
00011111
00011111
00011111
00011111
00011111
00011111
00011111
00011111
00011111
00011111
00011111
00011111
00011111
00011111
00011111
00011111
00011111
00011111
00011111
00011111
00011111
00011111
00011111
00011111
00011111
00011111
00011111
00011111
00011111
00011111
00011111
00011111
00011111
00011111
00011111
00011111
00011111
00011111
00011111
00011111
00011111
00011111
00011111
00011111
00011111
00011111
00011111
00011111
00011111
00011111
00011111
00011111
00011111
00011111
00011111
00011111
00011111
00011111
00011111
00011111
00011111
00011111
00011111
00011111
00011111
00011111
00011111
00011111
00011111
00011111
00011111
00011111
00011111
00011111
00011111
00011111
00011111
00011111
00011111
00011111
00011111
00011111
00011111
00011111
00011111
00011111
00101111
00100001
00110111
00110100
00011111
00011111
00011111
00011111
00011000
01101000
01011001
00010100
00110001
10001100
00010101
01111110
00011111
00011111
00011111
00011111
00011111
00011111
00011111
00011111
00011111
00011111
00011111
00011111
00011111
00011111
00011111
00011111
00011111
00011111
00011111
00011111
00011111
00011111
00011111
00011111
00011111
00011111
00011111
00011111
00011111
00011111
00011111
00011111
00011111
00011111
00011111
00011111
00011111
00011111
00011111
00011111
00011111
00011111
00011111
00011111
00011111
00011111
00011111
00011111
00011111
00011111
00011111
00011111
00011111
00011111
00011111
00011111
00011111
00011111
00011111
00011111
00011111
00011111
00011111
00011111
00011111
00011111
00011111
00011111
00011111
00011111
00011111
00011111
00011111
00011111
00011111
00011111
00011111
00011111
00011111
00011111
00011111
00011111
00011111
00011111
00011111
00011111
00011111
00011111
00011111
00011111
00011111
00011111
00011111
00011111
00011111
00011111
00011111
00011111
00011111
00011111
00011111
00011111
00011111
00011111
00011111
00011111
00011111
00011111
00011111
00011111
00011111
00011111
00011111
00011111
00011111
00011111
00011111
00011111
00011111
00011111
00011111
00011111
00011111
00011111
00011111
00011111
00011111
00011111
00011111
00011111
00011111
00011111
00011111
00011111
00011111
00011111
00011111
00011111
00011111
00011111
00011111
00011111
00011111
00011111
00011111
00011111
00011111
00011111
00011111
00011111
00011111
00011111
00011111
00011111
00011111
00011111
00011111
00011111
00011111
00011111
00011111
00011111
00011111
00011111
00011111
00011111
00011111
00011111
00011111
00011111
00011111
00011111
00011111
00011111
00011111
00011111
00011111
00011111
00011111
00011111
00011111
00011111
00011111
00011111
00011111
00011111
00011111
00011111
00011111
00011111
00011111
00011111
00011111
00011111
00011111
00011111
00011111
00011111
00011111
00011111
00011111
00011111
00011111
00011111
00011111
00011111
00011111
00011111
00011111
00011111
00011111
00011111
00011111
00011111
00011111
00011111
00011111
00011111
00011111
00011111
00011111
00011111
00011111
00011111
00011111
00011111
00011111
00011111
00011111
00011111
00011111
00011111
00011111
00011111
00011111
00011111
00011111
00011111
00011111
00011111
00011111
00110010
00111001
00100011
00100000
00110110
00110001
00100110
01001100
00100110
10000010
00011101
00011011
01010011
10010010
01010100
00011111
00011111
00011111
00011111
00011111
00011111
00011111
00011111
00011111
00011111
00011111
00011111
00011111
00011111
00011111
00011111
00011111
00011111
00011111
00011111
00011111
00011111
00011111
00011111
00011111
00011111
00011111
00011111
00011111
00011111
00011111
00011111
00011111
00011111
00011111
00011111
00011111
00011111
00011111
00011111
00011111
00011111
00011111
00011111
00011111
00011111
00011111
00011111
00011111
00011111
00011111
00011111
00011111
00011111
00011111
00011111
00011111
00011111
00011111
00011111
00011111
00011111
00011111
00011111
00011111
00011111
00011111
00011111
00011111
00011111
00011111
00011111
00011111
00011111
00011111
00011111
00011111
00011111
00011111
00011111
00011111
00011111
00011111
00011111
00011111
00011111
00011111
00011111
00011111
00011111
00011111
00011111
00011111
00011111
00011111
00011111
00011111
00011111
00011111
00011111
00011111
00011111
00011111
00011111
00011111
00011111
00011111
00011111
00011111
00011111
00011111
00011111
00011111
00011111
00011111
00011111
00011111
00011111
00011111
00011111
00011111
00011111
00011111
00011111
00011111
00011111
00011111
00011111
00011111
00011111
00011111
00011111
00011111
00011111
00011111
00011111
00011111
00011111
00011111
00011111
00011111
00011111
00011111
00011111
00011111
00011111
00011111
00011111
00011111
00011111
00011111
00011111
00011111
00011111
00011111
00011111
00011111
00011111
00011111
00011111
00011111
00011111
00011111
00011111
00011111
00011111
00011111
00011111
00011111
00011111
00011111
00011111
00011111
00011111
00011111
00011111
00011111
00011111
00011111
00011111
00011111
00011111
00011111
00011111
00011111
00011111
00011111
00011111
00011111
00011111
00011111
00011111
00011111
00011111
00011111
00011111
00011111
00011111
00011111
00011111
00011111
00011111
00011111
00011111
00011111
00011111
00011111
00011111
00011111
00011111
00011111
00011111
00011111
00011111
00011111
00011111
00011111
00011111
00011111
00011111
00011111
00011111
00011111
00011111
00011111
00011111
00011111
00011111
00011111
00011111
00011111
00011111
00011111
00011111
00011111
00011111
00011111
00011111
00011111
00011111
00101000
00111011
00101011
00100001
00101011
00101010
00101010
00100101
00010011
01010000
01110101
00011100
00010111
01110011
10000101
00001111
00011111
00011111
00011111
00011111
00011111
00011111
00011111
00011111
00011111
00011111
00011111
00011111
00011111
00011111
00011111
00011111
00011111
00011111
00011111
00011111
00011111
00011111
00011111
00011111
00011111
00011111
00011111
00011111
00011111
00011111
00011111
00011111
00011111
00011111
00011111
00011111
00011111
00011111
00011111
00011111
00011111
00011111
00011111
00011111
00011111
00011111
00011111
00011111
00011111
00011111
00011111
00011111
00011111
00011111
00011111
00011111
00011111
00011111
00011111
00011111
00011111
00011111
00011111
00011111
00011111
00011111
00011111
00011111
00011111
00011111
00011111
00011111
00011111
00011111
00011111
00011111
00011111
00011111
00011111
00011111
00011111
00011111
00011111
00011111
00011111
00011111
00011111
00011111
00011111
00011111
00011111
00011111
00011111
00011111
00011111
00011111
00011111
00011111
00011111
00011111
00011111
00011111
00011111
00011111
00011111
00011111
00011111
00011111
00011111
00011111
00011111
00011111
00011111
00011111
00011111
00011111
00011111
00011111
00011111
00011111
00011111
00011111
00011111
00011111
00011111
00011111
00011111
00011111
00011111
00011111
00011111
00011111
00011111
00011111
00011111
00011111
00011111
00011111
00011111
00011111
00011111
00011111
00011111
00011111
00011111
00011111
00011111
00011111
00011111
00011111
00011111
00011111
00011111
00011111
00011111
00011111
00011111
00011111
00011111
00011111
00011111
00011111
00011111
00011111
00011111
00011111
00011111
00011111
00011111
00011111
00011111
00011111
00011111
00011111
00011111
00011111
00011111
00011111
00011111
00011111
00011111
00011111
00011111
00011111
00011111
00011111
00011111
00011111
00011111
00011111
00011111
00011111
00011111
00011111
00011111
00011111
00011111
00011111
00011111
00011111
00011111
00011111
00011111
00011111
00011111
00011111
00011111
00011111
00011111
00011111
00011111
00011111
00011111
00011111
00011111
00011111
00011111
00011111
00011111
00011111
00011111
00011111
00011111
00011111
00011111
00011111
00011111
00011111
00011111
00011111
00011111
00011111
00011111
00011111
00011111
00011111
00011111
00011111
00011111
00011111
00110011
00110101
00101010
00011101
00101000
00111100
00101000
00101001
10000101
01001011
00010101
01010110
01110010
00100111
01010001
10001111
00011111
00011111
00011111
00011111
00011111
00011111
00011111
00011111
00011111
00011111
00011111
00011111
00011111
00011111
00011111
00011111
00011111
00011111
00011111
00011111
00011111
00011111
00011111
00011111
00011111
00011111
00011111
00011111
00011111
00011111
00011111
00011111
00011111
00011111
00011111
00011111
00011111
00011111
00011111
00011111
00011111
00011111
00011111
00011111
00011111
00011111
00011111
00011111
00011111
00011111
00011111
00011111
00011111
00011111
00011111
00011111
00011111
00011111
00011111
00011111
00011111
00011111
00011111
00011111
00011111
00011111
00011111
00011111
00011111
00011111
00011111
00011111
00011111
00011111
00011111
00011111
00011111
00011111
00011111
00011111
00011111
00011111
00011111
00011111
00011111
00011111
00011111
00011111
00011111
00011111
00011111
00011111
00011111
00011111
00011111
00011111
00011111
00011111
00011111
00011111
00011111
00011111
00011111
00011111
00011111
00011111
00011111
00011111
00011111
00011111
00011111
00011111
00011111
00011111
00011111
00011111
00011111
00011111
00011111
00011111
00011111
00011111
00011111
00011111
00011111
00011111
00011111
00011111
00011111
00011111
00011111
00011111
00011111
00011111
00011111
00011111
00011111
00011111
00011111
00011111
00011111
00011111
00011111
00011111
00011111
00011111
00011111
00011111
00011111
00011111
00011111
00011111
00011111
00011111
00011111
00011111
00011111
00011111
00011111
00011111
00011111
00011111
00011111
00011111
00011111
00011111
00011111
00011111
00011111
00011111
00011111
00011111
00011111
00011111
00011111
00011111
00011111
00011111
00011111
00011111
00011111
00011111
00011111
00011111
00011111
00011111
00011111
00011111
00011111
00011111
00011111
00011111
00011111
00011111
00011111
00011111
00011111
00011111
00011111
00011111
00011111
00011111
00011111
00011111
00011111
00011111
00011111
00011111
00011111
00011111
00011111
00011111
00011111
00011111
00011111
00011111
00011111
00011111
00011111
00011111
00011111
00011111
00011111
00011111
00011111
00011111
00011111
00011111
00011111
00011111
00011111
00011111
00011111
00011111
00011111
00011111
00011111
00011111
00011111
00011111
00100011
00011110
00100000
00110111
00111011
00110011
00101000
00101001
00011001
01101101
01111000
01111100
10011000
01111111
01001001
10010101
00011111
00011111
00011111
00011111
00011111
00011111
00011111
00011111
00011111
00011111
00011111
00011111
00011111
00011111
00011111
00011111
00011111
00011111
00011111
00011111
00011111
00011111
00011111
00011111
00011111
00011111
00011111
00011111
00011111
00011111
00011111
00011111
00011111
00011111
00011111
00011111
00011111
00011111
00011111
00011111
00011111
00011111
00011111
00011111
00011111
00011111
00011111
00011111
00011111
00011111
00011111
00011111
00011111
00011111
00011111
00011111
00011111
00011111
00011111
00011111
00011111
00011111
00011111
00011111
00011111
00011111
00011111
00011111
00011111
00011111
00011111
00011111
00011111
00011111
00011111
00011111
00011111
00011111
00011111
00011111
00011111
00011111
00011111
00011111
00011111
00011111
00011111
00011111
00011111
00011111
00011111
00011111
00011111
00011111
00011111
00011111
00011111
00011111
00011111
00011111
00011111
00011111
00011111
00011111
00011111
00011111
00011111
00011111
00011111
00011111
00011111
00011111
00011111
00011111
00011111
00011111
00011111
00011111
00011111
00011111
00011111
00011111
00011111
00011111
00011111
00011111
00011111
00011111
00011111
00011111
00011111
00011111
00011111
00011111
00011111
00011111
00011111
00011111
00011111
00011111
00011111
00011111
00011111
00011111
00011111
00011111
00011111
00011111
00011111
00011111
00011111
00011111
00011111
00011111
00011111
00011111
00011111
00011111
00011111
00011111
00011111
00011111
00011111
00011111
00011111
00011111
00011111
00011111
00011111
00011111
00011111
00011111
00011111
00011111
00011111
00011111
00011111
00011111
00011111
00011111
00011111
00011111
00011111
00011111
00011111
00011111
00011111
00011111
00011111
00011111
00011111
00011111
00011111
00011111
00011111
00011111
00011111
00011111
00011111
00011111
00011111
00011111
00011111
00011111
00011111
00011111
00011111
00011111
00011111
00011111
00011111
00011111
00011111
00011111
00011111
00011111
00011111
00011111
00011111
00011111
00011111
00011111
00011111
00011111
00011111
00011111
00011111
00011111
00011111
00011111
00011111
00011111
00011111
00011111
00011111
00011111
00011111
00011111
00011111
00011111
00100001
00101111
00011110
00011111
00011111
00011111
00011111
00011111
10011100
01100100
00011011
00011010
00011100
00011111
00011111
00011111
00011111
00011111
00011111
00011111
00011111
00011111
00011111
00011111
00011111
00011111
00011111
00011111
00011111
00011111
00011111
00011111
00011111
00011111
00011111
00011111
00011111
00011111
00011111
00011111
00011111
00011111
00011111
00011111
00011111
00011111
00011111
00011111
00011111
00011111
00011111
00011111
00011111
00011111
00011111
00011111
00011111
00011111
00011111
00011111
00011111
00011111
00011111
00011111
00011111
00011111
00011111
00011111
00011111
00011111
00011111
00011111
00011111
00011111
00011111
00011111
00011111
00011111
00011111
00011111
00011111
00011111
00011111
00011111
00011111
00011111
00011111
00011111
00011111
00011111
00011111
00011111
00011111
00011111
00011111
00011111
00011111
00011111
00011111
00011111
00011111
00011111
00011111
00011111
00011111
00011111
00011111
00011111
00011111
00011111
00011111
00011111
00011111
00011111
00011111
00011111
00011111
00011111
00011111
00011111
00011111
00011111
00011111
00011111
00011111
00011111
00011111
00011111
00011111
00011111
00011111
00011111
00011111
00011111
00011111
00011111
00011111
00011111
00011111
00011111
00011111
00011111
00011111
00011111
00011111
00011111
00011111
00011111
00011111
00011111
00011111
00011111
00011111
00011111
00011111
00011111
00011111
00011111
00011111
00011111
00011111
00011111
00011111
00011111
00011111
00011111
00011111
00011111
00011111
00011111
00011111
00011111
00011111
00011111
00011111
00011111
00011111
00011111
00011111
00011111
00011111
00011111
00011111
00011111
00011111
00011111
00011111
00011111
00011111
00011111
00011111
00011111
00011111
00011111
00011111
00011111
00011111
00011111
00011111
00011111
00011111
00011111
00011111
00011111
00011111
00011111
00011111
00011111
00011111
00011111
00011111
00011111
00011111
00011111
00011111
00011111
00011111
00011111
00011111
00011111
00011111
00011111
00011111
00011111
00011111
00011111
00011111
00011111
00011111
00011111
00011111
00011111
00011111
00011111
00011111
00011111
00011111
00011111
00011111
00011111
00011111
00011111
00011111
00011111
00011111
00011111
00011111
00011111
00011111
00011111
00011111
00011111
00011111
00011111
00011111
00011111
00011111
00011111
00011111
00011111
00011111
00011111
00011111
00011111
00011100
00110111
10000110
00010111
00011101
10000000
00111010
01000101
00011111
00011111
00011111
00011111
00011111
00011111
00011111
00011111
00011111
00011111
00011111
00011111
00011111
00011111
00011111
00011111
00011111
00011111
00011111
00011111
00011111
00011111
00011111
00011111
00011111
00011111
00011111
00011111
00011111
00011111
00011111
00011111
00011111
00011111
00011111
00011111
00011111
00011111
00011111
00011111
00011111
00011111
00011111
00011111
00011111
00011111
00011111
00011111
00011111
00011111
00011111
00011111
00011111
00011111
00011111
00011111
00011111
00011111
00011111
00011111
00011111
00011111
00011111
00011111
00011111
00011111
00011111
00011111
00011111
00011111
00011111
00011111
00011111
00011111
00011111
00011111
00011111
00011111
00011111
00011111
00011111
00011111
00011111
00011111
00011111
00011111
00011111
00011111
00011111
00011111
00011111
00011111
00011111
00011111
00011111
00011111
00011111
00011111
00011111
00011111
00011111
00011111
00011111
00011111
00011111
00011111
00011111
00011111
00011111
00011111
00011111
00011111
00011111
00011111
00011111
00011111
00011111
00011111
00011111
00011111
00011111
00011111
00011111
00011111
00011111
00011111
00011111
00011111
00011111
00011111
00011111
00011111
00011111
00011111
00011111
00011111
00011111
00011111
00011111
00011111
00011111
00011111
00011111
00011111
00011111
00011111
00011111
00011111
00011111
00011111
00011111
00011111
00011111
00011111
00011111
00011111
00011111
00011111
00011111
00011111
00011111
00011111
00011111
00011111
00011111
00011111
00011111
00011111
00011111
00011111
00011111
00011111
00011111
00011111
00011111
00011111
00011111
00011111
00011111
00011111
00011111
00011111
00011111
00011111
00011111
00011111
00011111
00011111
00011111
00011111
00011111
00011111
00011111
00011111
00011111
00011111
00011111
00011111
00011111
00011111
00011111
00011111
00011111
00011111
00011111
00011111
00011111
00011111
00011111
00011111
00011111
00011111
00011111
00011111
00011111
00011111
00011111
00011111
00011111
00011111
00011111
00011111
00011111
00011111
00011111
00011111
00011111
00011111
00011111
00011111
00011111
00011111
00011111
00011111
00011111
00011111
00011111
00011111
00011111
00011111
00011111
00011111
00011111
00011111
00011111
00011111
00011111
00011111
10000001
00010001
01101011
01001011
00011001
01111111
10010111
10001011
00011111
00011111
00011111
00011111
00011111
00011111
00011111
00011111
00011111
00011111
00011111
00011111
00011111
00011111
00011111
00011111
00011111
00011111
00011111
00011111
00011111
00011111
00011111
00011111
00011111
00011111
00011111
00011111
00011111
00011111
00011111
00011111
00011111
00011111
00011111
00011111
00011111
00011111
00011111
00011111
00011111
00011111
00011111
00011111
00011111
00011111
00011111
00011111
00011111
00011111
00011111
00011111
00011111
00011111
00011111
00011111
00011111
00011111
00011111
00011111
00011111
00011111
00011111
00011111
00011111
00011111
00011111
00011111
00011111
00011111
00011111
00011111
00011111
00011111
00011111
00011111
00011111
00011111
00011111
00011111
00011111
00011111
00011111
00011111
00011111
00011111
00011111
00011111
00011111
00011111
00011111
00011111
00011111
00011111
00011111
00011111
00011111
00011111
00011111
00011111
00011111
00011111
00011111
00011111
00011111
00011111
00011111
00011111
00011111
00011111
00011111
00011111
00011111
00011111
00011111
00011111
00011111
00011111
00011111
00011111
00011111
00011111
00011111
00011111
00011111
00011111
00011111
00011111
00011111
00011111
00011111
00011111
00011111
00011111
00011111
00011111
00011111
00011111
00011111
00011111
00011111
00011111
00011111
00011111
00011111
00011111
00011111
00011111
00011111
00011111
00011111
00011111
00011111
00011111
00011111
00011111
00011111
00011111
00011111
00011111
00011111
00011111
00011111
00011111
00011111
00011111
00011111
00011111
00011111
00011111
00011111
00011111
00011111
00011111
00011111
00011111
00011111
00011111
00011111
00011111
00011111
00011111
00011111
00011111
00011111
00011111
00011111
00011111
00011111
00011111
00011111
00011111
00011111
00011111
00011111
00011111
00011111
00011111
00011111
00011111
00011111
00011111
00011111
00011111
00011111
00011111
00011111
00011111
00011111
00011111
00011111
00011111
00011111
00011111
00011111
00011111
00011111
00011111
00011111
00011111
00011111
00011111
00011111
00011111
00011111
00011111
00011111
00011111
00011111
00011111
00011111
00011111
00011111
00011111
00011111
00011111
00011111
00011111
00011111
00011111
00011111
00011111
00011111
00011111
00011111
00011111
00011111
00011111
00100010
00010111
10010111
00111101
00011100
00011111
00011011
00011111
00011111
00011111
00011111
00011111
00011111
00011111
00011111
00011111
00011111
00011111
00011111
00011111
00011111
00011111
00011111
00011111
00011111
00011111
00011111
00011111
00011111
00011111
00011111
00011111
00011111
00011111
00011111
00011111
00011111
00011111
00011111
00011111
00011111
00011111
00011111
00011111
00011111
00011111
00011111
00011111
00011111
00011111
00011111
00011111
00011111
00011111
00011111
00011111
00011111
00011111
00011111
00011111
00011111
00011111
00011111
00011111
00011111
00011111
00011111
00011111
00011111
00011111
00011111
00011111
00011111
00011111
00011111
00011111
00011111
00011111
00011111
00011111
00011111
00011111
00011111
00011111
00011111
00011111
00011111
00011111
00011111
00011111
00011111
00011111
00011111
00011111
00011111
00011111
00011111
00011111
00011111
00011111
00011111
00011111
00011111
00011111
00011111
00011111
00011111
00011111
00011111
00011111
00011111
00011111
00011111
00011111
00011111
00011111
00011111
00011111
00011111
00011111
00011111
00011111
00011111
00011111
00011111
00011111
00011111
00011111
00011111
00011111
00011111
00011111
00011111
00011111
00011111
00011111
00011111
00011111
00011111
00011111
00011111
00011111
00011111
00011111
00011111
00011111
00011111
00011111
00011111
00011111
00011111
00011111
00011111
00011111
00011111
00011111
00011111
00011111
00011111
00011111
00011111
00011111
00011111
00011111
00011111
00011111
00011111
00011111
00011111
00011111
00011111
00011111
00011111
00011111
00011111
00011111
00011111
00011111
00011111
00011111
00011111
00011111
00011111
00011111
00011111
00011111
00011111
00011111
00011111
00011111
00011111
00011111
00011111
00011111
00011111
00011111
00011111
00011111
00011111
00011111
00011111
00011111
00011111
00011111
00011111
00011111
00011111
00011111
00011111
00011111
00011111
00011111
00011111
00011111
00011111
00011111
00011111
00011111
00011111
00011111
00011111
00011111
00011111
00011111
00011111
00011111
00011111
00011111
00011111
00011111
00011111
00011111
00011111
00011111
00011111
00011111
00011111
00011111
00011111
00011111
00011111
00011111
00011111
00011111
00011111
00011111
00011111
00011111
00011111
00011111
00011111
00011111
00011111
00011111
00011111
00011111
00011001
01100110
10101000
00101001
00011010
00011100
00011100
00011111
00011111
00011111
00011111
00011111
00011111
00011111
00011111
00011111
00011111
00011111
00011111
00011111
00011111
00011111
00011111
00011111
00011111
00011111
00011111
00011111
00011111
00011111
00011111
00011111
00011111
00011111
00011111
00011111
00011111
00011111
00011111
00011111
00011111
00011111
00011111
00011111
00011111
00011111
00011111
00011111
00011111
00011111
00011111
00011111
00011111
00011111
00011111
00011111
00011111
00011111
00011111
00011111
00011111
00011111
00011111
00011111
00011111
00011111
00011111
00011111
00011111
00011111
00011111
00011111
00011111
00011111
00011111
00011111
00011111
00011111
00011111
00011111
00011111
00011111
00011111
00011111
00011111
00011111
00011111
00011111
00011111
00011111
00011111
00011111
00011111
00011111
00011111
00011111
00011111
00011111
00011111
00011111
00011111
00011111
00011111
00011111
00011111
00011111
00011111
00011111
00011111
00011111
00011111
00011111
00011111
00011111
00011111
00011111
00011111
00011111
00011111
00011111
00011111
00011111
00011111
00011111
00011111
00011111
00011111
00011111
00011111
00011111
00011111
00011111
00011111
00011111
00011111
00011111
00011111
00011111
00011111
00011111
00011111
00011111
00011111
00011111
00011111
00011111
00011111
00011111
00011111
00011111
00011111
00011111
00011111
00011111
00011111
00011111
00011111
00011111
00011111
00011111
00011111
00011111
00011111
00011111
00011111
00011111
00011111
00011111
00011111
00011111
00011111
00011111
00011111
00011111
00011111
00011111
00011111
00011111
00011111
00011111
00011111
00011111
00011111
00011111
00011111
00011111
00011111
00011111
00011111
00011111
00011111
00011111
00011111
00011111
00011111
00011111
00011111
00011111
00011111
00011111
00011111
00011111
00011111
00011111
00011111
00011111
00011111
00011111
00011111
00011111
00011111
00011111
00011111
00011111
00011111
00011111
00011111
00011111
00011111
00011111
00011111
00011111
00011111
00011111
00011111
00011111
00011111
00011111
00011111
00011111
00011111
00011111
00011111
00011111
00011111
00011111
00011111
00011111
00011111
00011111
00011111
00011111
00011111
00011111
00011111
00011111
00011111
00011111
00011111
00011111
00011111
00011111
00011111
00011111
00011111
00011111
00011011
10100110
00111110
00011100
00011111
00011111
00011111
00011111
00011111
00011111
00011111
00011111
00011111
00011111
00011111
00011111
00011111
00011111
00011111
00011111
00011111
00011111
00011111
00011111
00011111
00011111
00011111
00011111
00011111
00011111
00011111
00011111
00011111
00011111
00011111
00011111
00011111
00011111
00011111
00011111
00011111
00011111
00011111
00011111
00011111
00011111
00011111
00011111
00011111
00011111
00011111
00011111
00011111
00011111
00011111
00011111
00011111
00011111
00011111
00011111
00011111
00011111
00011111
00011111
00011111
00011111
00011111
00011111
00011111
00011111
00011111
00011111
00011111
00011111
00011111
00011111
00011111
00011111
00011111
00011111
00011111
00011111
00011111
00011111
00011111
00011111
00011111
00011111
00011111
00011111
00011111
00011111
00011111
00011111
00011111
00011111
00011111
00011111
00011111
00011111
00011111
00011111
00011111
00011111
00011111
00011111
00011111
00011111
00011111
00011111
00011111
00011111
00011111
00011111
00011111
00011111
00011111
00011111
00011111
00011111
00011111
00011111
00011111
00011111
00011111
00011111
00011111
00011111
00011111
00011111
00011111
00011111
00011111
00011111
00011111
00011111
00011111
00011111
00011111
00011111
00011111
00011111
00011111
00011111
00011111
00011111
00011111
00011111
00011111
00011111
00011111
00011111
