00011111
00011111
00011110
00011110
00011110
00011111
00011111
00011111
00011111
00011111
00011111
00011111
00011111
00011111
00011111
00011111
00011111
00011101
00110011
01010101
00011010
00101010
10000011
10001010
00011111
01000100
00100010
00011111
00011111
00011111
00011111
00011111
00011111
01000100
00100010
00011111
00011111
00011111
00011111
00011111
00011111
01000100
00100010
00011111
00011111
00011111
00011111
00011111
00011111
01000100
00100010
00011111
00011111
00011111
00011111
00011111
00011111
01000100
00100010
00011111
00011111
00011111
00011111
00011111
00011111
01000100
00100010
00011111
00011111
00011111
00011111
00011111
00011111
01000100
00100010
00011111
00011111
00011111
00011111
00011111
00011111
01000100
00100010
00011111
00011111
00011111
00011111
00011111
00011111
01000100
00100010
00011111
00011111
00011111
00011111
00011111
00011111
01000100
00100010
00011111
00011111
00011111
00011111
00011111
00011111
01000100
00100010
00011111
00011111
00011111
00011111
00011111
00011111
01000100
00100010
00011111
00011111
00011111
00011111
00011111
00011111
01000100
00100010
00011111
00011111
00011111
00011111
00011111
00011111
01000100
00100010
00011111
00011111
00011111
00011111
00011111
00011111
01000100
00100010
00011111
00011111
00011111
00011111
00011111
00011111
01000100
00100010
00011111
00011111
00011111
00011111
00011111
00011111
01000100
00100010
00011111
00011111
00011111
00011111
00011111
00011111
01000100
00100010
00011111
00011111
00011111
00011111
00011111
00011111
01000100
00100010
00011111
00011111
00011111
00011111
00011111
00011111
01000100
00100010
00011111
00011111
00011111
00011111
00011111
00011111
01000100
00100010
00011111
00011111
00011111
00011111
00011111
00011111
01000100
00100010
00011111
00011111
00011111
00011111
00011111
00011111
01000100
00100010
00011111
00011111
00011111
00011111
00011111
00011111
01000100
00100010
00011111
00011111
00011111
00011111
00011111
00011111
01000100
00100010
00011111
00011111
00011111
00011111
00011111
00011111
01000100
00100010
00011111
00011111
00011111
00011111
00011111
00011101
00101101
01111000
10010001
01000010
00011110
00011111
00011110
00011111
00011111
00011111
00011001
00011000
00011110
00011111
00011111
00011111
00011111
00011111
00011111
00011111
00011111
00011111
00011111
00011111
00011110
00011101
00011101
00011111
00011110
00011110
00011111
00011111
00011111
00011111
00011111
00011111
00011111
00011111
00011111
00110011
01010010
01000011
00011011
00011111
00011111
00011111
00011101
00011111
00011111
00011111
00011111
00011111
00011111
00011111
00011100
00011111
00011111
00011111
00011111
00011111
00011111
00011111
00011111
00011111
00011111
00011111
00011111
00011111
00011111
00011111
00011110
00011111
00011111
00011111
00011111
00011111
00011111
00011111
00011110
00011111
00011111
00011111
00011111
00011111
00011111
00011111
00011110
00011111
00011111
00011111
00011111
00011111
00011111
00011111
00011110
00011111
00011111
00011111
00011111
00011111
00011111
00011111
00011110
00011111
00011111
00011111
00011111
00011111
00011111
00011111
00011110
00011111
00011111
00011111
00011111
00011111
00011111
00011111
00011110
00011111
00011111
00011111
00011111
00011111
00011111
00011111
00011110
00011111
00011111
00011111
00011111
00011111
00011111
00011111
00011110
00011111
00011111
00011111
00011111
00011111
00011111
00011111
00011110
00011111
00011111
00011111
00011111
00011111
00011111
00011111
00011110
00011111
00011111
00011111
00011111
00011111
00011111
00011111
00011110
00011111
00011111
00011111
00011111
00011111
00011111
00011111
00011110
00011111
00011111
00011111
00011111
00011111
00011111
00011111
00011110
00011111
00011111
00011111
00011111
00011111
00011111
00011111
00011110
00011111
00011111
00011111
00011111
00011111
00011111
00011111
00011110
00011111
00011111
00011111
00011111
00011111
00011111
00011111
00011110
00011111
00011111
00011111
00011111
00011111
00011111
00011111
00011110
00011111
00011111
00011111
00011111
00011111
00011111
00011111
00011110
00011111
00011111
00011111
00011111
00011111
00011111
00011111
00011110
00011111
00011111
00011111
00011111
00011111
00011111
00011111
00011111
00011111
00011111
00011111
00011111
00011111
00011111
00011111
00011111
00011111
00011111
00011111
00011111
00011111
00011111
00011111
00011111
00011111
00011111
00011111
00011111
00011111
00011111
00011111
00011110
00100111
01011111
00011110
00101111
01010110
01011101
01111011
01111010
00011111
00011111
00011111
00011111
00011111
00011111
00011111
00011111
00011111
00011111
00011111
00011111
00011111
00011111
00011111
00011111
00011111
00011111
00011111
00011111
00011111
00011111
00011111
00011111
00011111
00011111
00011111
00011111
00011111
00011111
00011111
00011111
00110000
01100111
00011101
00011100
00110111
10010000
10000101
00101000
00111100
10001011
10001111
01010110
00011111
00011101
00011100
00101000
00011110
00100101
01101100
01101111
00100011
00011100
00011101
00011111
00101010
00100001
00011111
00011111
00011111
00011111
00011111
00011111
00101101
00100010
00011111
00011111
00011111
00011111
00011111
00011111
00101101
00100010
00011111
00011111
00011111
00011111
00011111
00011111
00101101
00100010
00011111
00011111
00011111
00011111
00011111
00011111
00101101
00100010
00011111
00011111
00011111
00011111
00011111
00011111
00101101
00100010
00011111
00011111
00011111
00011111
00011111
00011111
00101101
00100010
00011111
00011111
00011111
00011111
00011111
00011111
00101101
00100010
00011111
00011111
00011111
00011111
00011111
00011111
00101101
00100010
00011111
00011111
00011111
00011111
00011111
00011111
00101101
00100010
00011111
00011111
00011111
00011111
00011111
00011111
00101101
00100010
00011111
00011111
00011111
00011111
00011111
00011111
00101101
00100010
00011111
00011111
00011111
00011111
00011111
00011111
00101101
00100010
00011111
00011111
00011111
00011111
00011111
00011111
00101101
00100010
00011111
00011111
00011111
00011111
00011111
00011111
00101101
00100010
00011111
00011111
00011111
00011111
00011111
00011111
00101101
00100010
00011111
00011111
00011111
00011111
00011111
00011111
00101101
00100010
00011111
00011111
00011111
00011111
00011111
00011111
00101101
00100010
00011111
00011111
00011111
00011111
00011111
00011111
00101101
00100010
00011111
00011111
00011111
00011111
00011111
00011111
00101101
00100010
00011111
00011111
00011111
00011111
00011111
00011111
00011000
01000000
10010111
01100000
00100011
00011110
00011111
00011111
00011111
00011101
00011010
00011111
00011111
00011110
00011100
00011101
00011110
00011100
00011011
00011101
00011111
00011101
00011110
00011111
00101101
00100010
00011111
00011111
00011111
00011111
00011111
00011111
00100111
01111101
01100010
00010111
01101011
10111010
10010000
01000110
00011111
00011111
00011111
00011111
00011111
00011101
00011111
00011111
00011111
00011111
00011111
00011111
00011111
00011111
00011111
00011111
00011111
00011111
00011111
00011111
00011110
00011110
00011111
00011111
00011111
00011111
00011111
00011111
00011111
00011111
00011111
00011111
01100110
01001111
01110111
00111001
01111011
10010001
01000110
00111101
10000001
01111001
01101111
01100111
10011001
01011011
01110111
00110001
00011110
00011101
00011101
00011111
00011111
00011111
00011111
00011111
00011111
00011111
00011111
00011111
00011111
00011111
00011111
00011111
00011111
00011111
00011111
00011111
00011111
00011111
00011111
00011111
00011111
00011111
00011111
00011111
00011111
00011111
00011101
00110111
00011111
00011111
00011111
00011111
00011111
00011111
00011111
00010111
00011111
00011111
00011111
00011111
00011111
00011111
00011111
00101110
00011111
00011111
00011111
00011111
00011111
00011111
00011111
00101110
00011111
00011111
00011111
00011111
00011111
00011111
00011111
00101110
00011111
00011111
00011111
00011111
00011111
00011111
00011111
00101110
00011111
00011111
00011111
00011111
00011111
00011111
00011111
00101110
00011111
00011111
00011111
00011111
00011111
00011111
00011111
00101110
00011111
00011111
00011111
00011111
00011111
00011111
00011111
00101110
00011111
00011111
00011111
00011111
00011111
00011111
00011111
00101110
00011111
00011111
00011111
00011111
00011111
00011111
00011111
00101110
00011111
00011111
00011111
00011111
00011111
00011111
00011111
00101110
00011111
00011111
00011111
00011111
00011111
00011111
00011111
00101110
00011111
00011111
00011111
00011111
00011111
00011111
00011111
00101110
00011111
00011111
00011111
00011111
00011111
00011111
00011111
00011100
00011111
00011111
00011111
00011111
00011111
00011111
00011111
00011111
00011111
00011111
00011111
00011111
00011111
00011111
00011111
00100010
00011111
00011111
00011111
00011111
00011111
00011111
00011111
00101110
00011110
00011110
00011110
00011111
00011101
00011110
00011101
00011100
00011111
00011111
00011111
00011111
00011111
00011111
00011111
00011111
00011111
00011111
00011111
00011111
00011101
00011111
00011111
00011111
00011111
00011111
00011111
00011111
00011111
00011111
00011111
00010111
00110100
10000110
01101100
00011011
01010001
10011100
00010110
00100011
00011111
00011111
00011111
00011111
00011111
00011100
00011111
00011110
00011111
00011111
00011111
00011111
00011110
00100010
00101110
00011110
00011111
00011111
00011111
00011111
00011111
00011111
00011111
00011111
00011111
00011111
00011111
00011111
00011111
00011111
00011111
00011111
10011001
10010000
01101111
00011101
00011111
00011110
00011111
01101111
01001100
01110101
00011000
00111000
10001110
00110101
00101011
10011011
00011110
00011100
00011110
00011111
00011101
00011101
00011100
01011001
00011111
00011111
00011111
00011111
00011111
00011111
00011111
00011111
00100000
00100000
00011111
00011111
00100000
00100000
00011111
00100000
01011010
01011010
01000011
00011110
00011111
00011111
00011111
00011100
01001110
10001011
01010000
00011100
00100010
00100001
00011101
00100000
00100000
00011111
00011111
00011111
00011111
00011111
00011111
00011111
00100000
00011111
00011111
00011111
00011111
00011111
00011111
00011111
00100000
00011111
00011111
00011111
00011111
00011111
00011111
00011111
00100000
00011111
00011111
00011111
00011111
00011111
00011111
00011111
00100000
00011111
00011111
00011111
00011111
00011111
00011111
00011111
00100000
00011111
00011111
00011111
00011111
00011111
00011111
00011111
00100000
00011111
00011111
00011111
00011111
00011111
00011111
00011111
00100000
00011111
00011111
00011111
00011111
00011111
00011111
00011111
00100000
00011111
00011111
00011111
00011111
00011111
00011111
00011111
00100000
00011111
00011111
00011111
00011111
00011111
00011111
00011111
00100000
00011111
00011111
00011111
00011111
00011111
00011111
00011111
00100000
00011111
00011111
00011111
00011111
00011111
00011111
00011111
00110100
10010111
01111101
00011110
00011110
00011111
00011101
00011100
00011111
00011111
00011111
00011111
00011111
00011111
00011111
00011111
00101011
00101010
00100111
00011111
00100011
00100000
00011111
00011111
00100000
00011111
00011111
00011111
00011111
00011111
00011111
00011111
00111011
01010100
00011100
00100111
01110101
00100001
00100000
00011100
00011111
00011111
00011111
00011111
00011111
00011111
00011111
00011111
00011100
00011100
00011111
00011101
00011110
00011101
00011110
00011100
01100010
01001001
00010110
00011101
01001000
00110111
00100101
10010111
01101010
01011111
01000001
00100111
10001011
00100010
00100000
01101101
00011010
00011010
00011100
00011111
00011111
00011111
00011111
00011111
00011111
00011111
00011111
00011111
00011111
00011111
00011111
00011111
00011111
00011111
00011111
00011111
00011111
00011111
00011111
00011111
00011111
00011111
00011111
00011111
00011111
00011111
00011111
00011111
10010100
10000001
00111011
01011110
00100011
01011110
00011111
00011111
01110110
10100111
00110000
10000101
01010011
00011001
00011111
00011011
01110101
00100011
00011101
00110110
01000010
00100010
00011111
00111100
00011111
00011111
00011111
00011111
00011111
00011111
00011111
00011111
00011111
00100000
00011111
00100001
00011111
00011111
00100001
00100101
01000111
00100010
00011011
00111110
00101100
00010111
00111101
01010101
00100000
00100001
00011110
00011111
00011111
00011111
00100000
00011110
00011111
00011111
00011111
00011111
00011111
00011111
00011111
00011111
00011111
00011111
00011111
00011111
00011111
00011111
00011111
00011011
00011111
00011111
00011111
00011111
00011111
00011111
00011000
01110010
00011111
00011111
00011111
00011111
00011111
00100001
00101101
00011111
00011111
00011111
00011111
00011111
00011111
00100001
00101101
00011111
00011111
00011111
00011111
00011111
00011111
00100001
00101101
00011111
00011111
00011111
00011111
00011111
00011111
00100001
00101101
00011111
00011111
00011111
00011111
00011111
00011111
00100001
00101101
00011111
00011111
00011111
00011111
00011111
00011111
00011111
00011111
00011110
00011111
00011111
00011111
00011111
00011111
00011111
00011111
00011111
00011111
00011111
00011111
00011111
00011111
00011101
00110010
01101001
00011111
00011111
00011111
00011111
00011111
00100001
00101101
00011111
00011111
00011101
00011100
00011011
00011001
00011011
00011000
01011000
00011111
00011111
00011111
00011111
00011111
00011111
00011111
00011111
00011111
00011111
00011110
00011111
00101011
00100010
00011100
00100110
00011111
00011111
00011111
00011111
00011111
00011111
00010110
01110001
00100000
00011111
00111100
00101011
10101101
01000111
00111111
10010111
00011111
00011111
00011100
00011100
00011100
00011100
00011110
00011111
00011011
00011110
00011111
00011100
00011011
00011100
00011111
00011111
10000111
10011110
01001111
10001010
00011110
00011001
00011110
01011000
10001111
01110000
00011101
00011110
10000100
00011110
00011010
01010111
00011111
00011111
00011111
00011111
00011110
00011010
00011111
00011111
00011111
00011111
00011111
00011111
00011111
00011110
00100111
00101001
00011111
00011111
00011111
00011111
00011111
00011111
00011111
00011111
00011111
00011111
00011111
00011111
00011111
00011111
00011111
00011111
00011111
00011011
01100000
01000010
00011010
00100001
01111101
10010110
00011011
00011001
01100100
10011000
00100010
00011101
00101010
10001011
00111011
00011110
00011111
00011111
00011111
00011101
00101010
10001011
00011111
00011111
00011111
00011111
00011111
00011111
00011111
00011111
00100100
00100011
00011110
00011111
00100110
00100000
00011101
00100101
01010001
01000001
00111101
00110100
00100011
00100111
00111010
01001101
00100011
00011110
00011100
00100100
00100000
00011111
00100000
00011101
00011111
00011111
00011111
00011111
00011111
00011111
00011111
00011111
00011101
00011111
00011111
00011010
00011101
00011111
00011010
00011101
01000011
00011001
10001011
01001001
01111101
01010101
10000011
00101100
00011111
00011111
00011111
00011111
00011111
00011111
00011111
00011111
00011111
00011111
00011111
00011111
00011111
00011111
00011111
00011111
00011111
00011111
00011111
00011111
00011111
00011111
00011111
00011111
00011111
00011111
00011111
00011111
00011111
00011111
00011111
00011111
00011111
00011111
00011111
00011111
00011111
00011111
00011111
00011111
00101101
00101101
00011111
00011111
00011111
00011111
00011111
00011111
00011111
00011111
00011111
00011111
00011111
00011111
00011111
00011111
01101000
01000100
00011100
01000011
00100010
00011111
00011111
00011111
00011111
00011111
00011111
00011111
00011111
00011111
00011111
00011111
01110001
00011001
00100010
01001001
00011000
00011110
00011100
00011000
00011111
00011111
00011111
00011111
00011111
00011111
00011111
00011111
00100111
00011100
00100111
00101010
00101011
00100010
00101001
00101010
01000010
00011000
00011111
00100001
00011100
00111001
10001110
10011011
10010101
01001010
01011100
01100101
00011001
00011111
00011101
00011111
00011111
00011111
00011111
00011101
00011110
00011111
00011111
00011111
00011111
00011111
00011111
00011101
00011110
00011111
00011111
00011111
01111011
00011111
00110001
10010110
00101111
00110010
10100110
01110001
01011101
00011000
00110110
10000111
00011101
00100000
01110001
10010010
00011111
00011111
00011111
00011111
00011111
00011111
00011111
00011111
00011110
00011111
00011111
00011111
00011111
00011111
00011111
00011111
00011111
00011111
00011110
00011111
00011111
00100010
00100001
00011111
00011111
00011111
00011111
00011111
00011111
00011111
00011111
00011111
01111101
01000110
01011010
00101100
01011011
01110111
10100001
10100001
00011101
01001110
10100010
01100001
10000010
00010111
00011011
00011011
00101010
00011101
00011101
00011100
00011110
00011111
00011111
00011111
00011111
00011111
00011111
00011111
00011111
00011111
00011111
00011111
00100101
00011101
00101111
10110011
00110111
00011100
00011111
00011111
01010011
00011100
01000010
00100101
00011000
01001000
01010010
01010100
00011110
00110100
10010100
10011011
01101000
00011001
00011111
00011111
00011111
00011111
00011111
00011111
00011111
00011111
00011101
00011110
00011010
00011101
00011011
00011111
00011111
00011100
00010111
00011000
00011001
00011110
00011111
00011111
00011001
01100100
01111000
00111111
00011111
00011111
00011111
00011111
00011110
00110011
01010000
01010010
00011111
00011111
00011111
00011111
00011111
00011111
00011100
00010111
00011111
00011111
00011111
00011111
00011111
00011111
00011111
00011111
00011111
00011111
00011111
00011111
00011011
01000000
10011001
10010100
00011111
00011111
00011111
00011110
00100100
00101011
00011110
00011111
00011111
00011111
00011111
00011111
00011111
00011101
01000101
00111010
00011111
00011111
00011111
00011111
00011111
00011111
00011111
00011111
00011110
00101011
01000111
00011101
00011110
00101000
01100111
01011000
00011111
00011111
00011111
00011111
00011101
01011100
10101010
10000010
00011100
00011110
00100110
10100111
00111010
00111111
01111110
10000010
00011111
00011111
00011111
00011111
00011111
00011111
00011111
00011111
00011100
00100001
00101000
00101100
00101000
00011111
00011111
00011111
10000111
01010001
01111111
00010110
00101001
00010100
01011001
01010110
00011100
00011110
01010110
10000100
00010101
01000110
10010011
10011011
00011111
00011111
00011111
00011111
00011111
00011111
00011111
00011111
00011111
00011111
00011111
00011111
00011111
00011110
00011100
00011101
01011100
00011110
10011101
01000000
00011011
00011111
00011111
00011111
01100100
00100001
01110000
01100111
01000100
00010110
01000111
10101010
00011111
00011101
00011011
00011111
00011111
00011111
00011111
00011111
00011111
00011111
00011111
00011111
00011111
00011111
00011111
00011111
00011111
00011111
00011111
00011111
00011111
00011111
00011111
00011111
00011111
00011111
00011111
00011111
00011111
00011111
00011111
00011111
01101010
01000100
10011000
10001100
00100100
01001010
10101001
00011010
00011110
00011010
01001100
10100010
00011001
00011111
00011111
00011111
00011111
00011110
00011101
00011100
00011111
00011110
00011100
00011110
00011111
00011111
00011111
00011111
00011111
00011111
00011111
00011111
00011111
00011111
00011111
00011111
00011101
00101011
10011110
01001110
00111001
00011100
00011111
00011101
00101101
01000001
00011000
01001000
00011111
00100010
01010011
00101111
00011110
00011111
00100011
00011110
00011111
00011111
00011111
00011111
00011111
00011111
00011111
00011111
00011100
00011111
00011010
00011000
00011110
00011011
00010111
00011001
00101110
10010001
01000111
10001000
01001100
00110101
10010100
00110010
00110110
00011110
00011111
00011101
00110110
00111001
00011011
00111100
00011011
00011111
00011111
00011111
00011111
00011111
00011111
00011111
00011111
00011111
00011111
00011111
00011111
00011111
00011111
00011111
00111010
00100100
01111011
00011111
00011111
00011111
00011111
00011101
00011111
00011111
00011111
00011111
00011111
00011111
00011111
00011111
00011101
00011110
00011011
00011111
00011111
00011111
00011111
00011111
00011111
00011111
00011111
00011111
00011111
00011111
00011111
00011111
00011100
01001010
00110110
01010010
00100110
01001001
01101111
00111111
01000011
00011011
00011101
00011001
01010100
01110110
01111001
01111100
00101111
01100010
01000000
00011011
00011111
00011010
00011000
00011010
00011111
00011111
00011111
00011111
00011111
00011111
00011111
00011111
00011111
00011111
00100100
00100000
00011111
00011110
00011110
00011110
00010010
00111011
10000011
00001011
00110111
10101110
10000110
10000011
01010110
00101011
10110001
01000010
00110110
00011101
00011111
00011111
00011101
00011100
00011100
00011100
00011101
00011111
00011111
00011111
00011111
00011101
00011100
00011100
00011110
00011111
00011101
00011111
00011111
00100000
01001100
00101100
00011110
00011001
01110011
01001010
00011101
00011110
00011111
00011111
00011111
00011111
00011111
00011111
00011111
00011111
00011111
00011111
00011111
00011111
00011111
00011111
00011110
00101010
01000011
00110100
00011101
00011111
00011111
00011111
00011111
00011101
00011101
00011110
00011110
00011101
00011101
00011111
00011111
00011111
00011111
00011111
00011111
00011111
00011111
00011111
00110110
10000010
01110010
00100101
01011001
10001000
10000001
00111101
00011111
00011111
00011111
00011111
00011111
00011111
00011111
00011111
00011110
00011101
00011100
00011111
00011111
00011100
00011100
00011101
00011111
00011111
00011111
00011111
00011110
00011100
00011100
00011111
00011011
00011101
00110100
01011001
00011101
00011111
00100000
00100000
00101100
01000010
00111010
00101111
01001010
01010000
01010110
00110100
00011111
00011111
00011111
00011111
00100000
00011111
00100011
00011101
00011111
00011111
00011101
00011110
00011111
00011111
00011111
00011111
00011110
00100000
10010000
00110111
00011100
00011111
00011111
00011111
01100001
10000011
01011000
10010000
00011011
00011111
00011111
00011111
00110010
00101011
00111000
00100110
00100111
00111100
00100101
00100001
00011111
00011111
00011111
00011111
00011111
00100010
00100000
00011111
00011111
00011111
00011111
00011111
00011111
00011111
00011111
00011111
00110010
10011111
10001000
01001100
01101110
10010100
10011011
01000010
00011111
00011111
00011110
00100000
01111011
10110111
10011001
01000010
00011111
00011011
01000100
00101101
00100001
00101000
00101001
00011110
00011111
00011111
00011001
00011110
00011111
00011111
00011111
00011111
00011100
00011111
00011111
00011111
00011100
01001100
00110110
00011100
01011111
10100001
01011011
01111000
00100100
01111110
01010100
00011100
00101000
10010011
01101011
00010101
01000111
10000000
10000100
00100100
00011111
00011111
00011111
00011111
00011111
00011111
00011111
00011111
00011111
00011111
00011111
00011111
00100101
00101011
00100000
00011101
00100100
10101111
00111000
00011100
00011111
00011110
00011110
00011111
00011111
00011111
00011111
00011111
00011111
00011111
00011111
00011111
00011111
00011111
00011111
00011111
00011111
00011111
00011111
00011111
00011111
00011111
00011111
00011111
00011111
00011111
00011111
00011111
01010011
01101010
01000000
01101111
00011000
00011111
00011111
00011111
00011111
00011111
00011111
00011111
00011111
00011111
00011111
00011111
00011110
00011011
00011111
00011111
00011111
00011111
00011111
00011111
00011111
00011111
00011110
00011011
00011111
00011111
00011111
00011111
00011111
00011111
00011111
00011111
00011101
00011101
00011110
00011110
00011111
00011111
00011111
00011111
00011111
00011111
00011111
00011111
00011010
10100101
01000110
00011000
00111011
01110110
00011101
00011111
00011111
00011111
00011111
00011111
00011111
00011111
00011111
00011111
00011110
00011100
00011110
00011111
00011010
01111101
01010011
00011100
00011111
00011111
00011111
00011111
00011111
00011110
00011110
00011111
00011111
00011111
00011111
00011001
10000001
01111100
00011000
00011111
01001000
00100110
00101001
00100100
00011111
00011111
00011111
00011101
00011111
00100110
00011110
00011111
00011111
00100100
00011110
00011101
00011111
00011110
00011101
00011111
00011111
00011111
00011111
00011111
00011101
01111011
10000000
00011110
00011110
00011111
00011110
00101000
00110000
10000111
00111000
00111110
01110111
00100101
01111011
00011101
01000110
01010000
00110111
00011111
00101010
00111010
00100011
00011110
00011110
00011101
00011111
00011111
00011111
00011111
00011111
00011111
00011111
00011111
00011111
00011111
00011111
00011111
00011111
00011111
01100011
10101100
01110010
00111110
10011110
10000011
10001011
00011111
00011011
00011111
00011001
01101000
01011111
01000000
01110011
01100100
01001101
01000111
00011101
00011111
00101000
00101000
00100100
00100101
00011011
00011001
00011111
00011111
00011111
00011111
00011111
00011110
00011001
00011000
00011001
00011110
00011111
00011111
00011111
00100011
01101001
10000011
00110011
00111100
10011101
01111001
10010001
00101000
01011111
10010100
00011010
00011111
00011111
00011111
00011111
00011111
00011111
00011111
00011111
00011111
00011111
00011111
00011111
00011111
00100111
00101000
00101001
00100000
00100000
00100100
00011111
00011111
00011111
00100000
00011110
00011110
00100001
10001010
00100110
01011001
00011111
00011111
00011111
00011111
00011111
00011111
00011111
00011111
00011111
00011111
00011111
00011111
00011111
00011111
00011111
00011111
00011111
00011111
00011111
00011111
00011111
00011111
00011111
00011111
00010111
01101111
10000001
00010111
00011111
00011111
00011111
00011111
00011111
00011111
00011111
00011111
00011111
00011111
00011111
00011111
00011011
00011011
00011010
00011111
00011110
00011100
00011111
00011111
00011111
00011111
00011111
00011111
00110001
00011111
00011111
00011111
00011101
00011101
00011111
00011111
00011111
00011111
00011111
00011111
00011111
00011111
00011111
00011111
00011111
00011111
00011111
00011111
00011111
00011111
00011111
00011111
00011111
00011111
00011111
00011111
00011111
00011111
00011111
00011111
00011111
00011111
00011111
00011111
00111100
00110100
00011101
00100100
00111111
00101010
00010111
01110001
00011111
00011111
00011111
00011111
00011111
00011111
00011111
00011101
00011111
00011111
00011111
00011111
00011111
00011111
00011111
00011111
01000101
00011111
00011011
01000101
00100110
00111110
00110100
01010111
00100010
00100101
00100011
00011100
00100100
00011111
00011011
00101011
00011101
00011111
00011111
00011111
00011111
00011111
00011111
00011111
10010000
00101010
00011101
00011111
00011111
00011111
00011111
00011111
00011111
00011111
00011001
10000110
01001000
00010011
00110000
10110101
00011111
00011111
00100000
00111110
01010101
00111001
00100111
01001000
00011101
00100000
00100000
00011111
00011110
00011101
00011110
00011010
00011100
00101000
00100011
00011111
00011111
00011111
00011111
00011111
00011110
00011111
00011111
00011101
10000100
00111011
00100001
01000001
10100110
10011100
01101100
01000001
10100001
00111011
00101111
10100000
01001010
00011100
00011111
00011111
00011111
00011111
00011111
00011111
00011001
00011110
00011111
00011111
00011111
00011111
00011111
00011111
01000111
00100000
00011111
00011110
01010011
00101101
00011110
00011111
10110100
00101001
00011101
00011101
00011100
00011100
00011111
00011111
00011111
00011111
00011111
00011111
00011111
00011111
00011111
00011111
00011111
00011111
00011111
00011111
00011111
00011111
00011111
00011111
00011111
00011111
00011111
00011111
00011111
00011111
00011111
00011111
01010100
01010000
01101011
00011001
00011110
00011110
00011111
00010111
00011111
00011111
00011111
00011111
00011111
00011111
00011111
00011111
00011111
00011111
00011111
00011111
00011111
00011111
00011111
00011111
00011111
00011111
00011111
00011111
00011111
00011111
00011111
00011111
00011111
00011111
00011111
00011111
00011111
00011111
00011111
00011111
00011111
00011111
00011111
00011111
00011111
00011111
00011111
00011111
00011111
00011111
00011111
00011111
00011111
00011111
00011111
00011111
00011111
00011111
00011111
00011111
00011111
00011111
00011111
00011111
00011111
00011111
00011111
00011111
00011111
00011111
00011111
00011110
00011111
00011111
00011111
00011111
00011111
00011111
00011111
00011111
00011111
00011111
00011111
00011111
00011111
00011111
00011111
00011111
00011111
00011111
00011111
00011111
00011111
00011111
00011111
00011111
01011101
00011001
00011111
00011110
00011110
00011111
00011111
00011111
00011111
00011111
00011111
00011111
00011111
00011111
00011111
00011111
00011111
00011111
00011111
00011111
00011111
00011111
00011111
00011111
01001011
01010011
00100010
00011110
00011111
00011101
00110110
01001001
10110000
00110110
00101111
10000010
10001010
01010111
00011000
10010110
00011111
00011111
00011111
00011111
00011111
00011111
00011111
00011111
00011111
00011111
00011111
00011111
00011111
00011111
00011111
00011111
10001001
10100111
01011101
01101100
00110111
01110100
01101111
11000000
00110111
00101001
00011101
00101111
00111000
00100000
00011111
00011111
00011011
00011011
00011111
00011101
00100011
00100011
00011111
00011111
00011111
00011111
00011111
00011101
00110010
00101010
00011110
00011111
01000100
00111110
00100001
00011111
00011111
00011110
00100011
01111100
10100000
01101011
00111011
10010011
10010011
01011100
00101111
10101111
00011111
00011111
00011111
00011111
00011111
00011111
00011111
00011111
00011111
00011111
00011111
00011111
00011111
00011111
00011111
00011111
00011111
00011111
00011111
00011111
00011111
00011111
00011111
00011111
00011101
00011111
00011001
01010110
01101101
00010001
01111010
10000011
00011111
00011111
00011111
00011111
00011111
00011111
00011111
00011111
00011111
00011111
00011111
00011111
00011111
00011111
00011111
00011111
00011111
00011111
00011111
00011111
00011111
00011111
00011111
00011111
01110011
01110000
00010111
00011111
00011111
00011111
00011111
00011111
00011111
00011111
00011111
00011111
00011111
00011111
00011111
00011111
00011111
00011111
00011111
00011111
00011111
00011111
00011111
00011111
00011111
00011111
00011111
00011111
00011111
00011111
00011111
00011111
00011111
00011111
00011111
00011111
00011111
00011111
00011111
00011111
00011111
00011111
00011111
00011111
00011111
00011111
00011111
00011111
00011111
00011111
00011111
00011111
00011111
00011111
00011111
00011111
00011111
00011111
00011111
00011111
00011111
00011111
00011111
00011111
00011111
00011111
00011111
00011111
00011111
00011111
00100011
00110110
00011111
00011111
00011111
00011111
00011111
00011111
00011111
00011111
00011111
00011111
00011111
00011111
00011111
00011111
00011111
00011111
00011111
00011111
00011111
00011111
00011111
00011111
00011111
00011111
00011111
00011111
00011111
00011111
00011111
00011111
00011111
00011111
00011111
00011111
00011111
00011111
00011111
00011111
00011111
00011111
00011111
00011111
00011111
00011111
00011111
00011111
00011111
00011111
01001110
00101011
00100000
01011011
00110101
00011110
01001001
01001000
01101000
00011001
00011111
00100001
00011111
00011111
00011111
00011111
00011111
00011111
00011111
00011111
00011111
00011111
00011111
00011111
00011111
00011111
00011111
00011111
00011111
00011111
00011111
00011111
10000011
00100100
10100101
10000010
01100011
00100011
10000011
01100100
00011111
00011110
00100010
00111010
00101100
00011110
00100110
01000110
00011111
00011111
00011111
00011111
00011111
00011111
00011111
00011111
00011111
00011111
00011111
00011111
00011111
00011111
00011111
00011111
00101101
00011100
00100011
10001101
00110111
00011101
00011111
00011111
00100000
00011101
00101011
00110001
00110010
00011110
00011111
00011111
00011111
00011111
00011111
00011111
00011111
00011111
00011111
00011111
00011111
00011111
00011111
00011111
00011111
00011111
00011111
00011111
00011111
00011111
00011111
00011111
00011111
00011111
00011111
00011111
10001101
01001111
00011000
00011101
00011100
00011111
00010110
10000010
00011111
00011111
00011111
00011111
00011111
00011111
00011111
00011111
00011111
00011111
00011111
00011111
00011111
00011111
00011111
00011111
00011111
00011111
00011111
00011111
00011111
00011111
00011111
00011111
00011111
00011111
00011111
00011111
00011111
00011111
00011111
00011111
00011111
00011111
00011111
00011111
00011111
00011111
00011111
00011111
00011111
00011111
00011111
00011111
00011111
00011111
00011111
00011111
00011111
00011111
00011111
00011111
00011111
00011111
00011111
00011111
00011111
00011111
00011111
00011111
00011111
00011111
00011111
00011111
00011111
00011111
00011111
00011111
00011111
00011111
00011111
00011111
00011111
00011111
00011111
00011111
00011111
00011111
00011111
00011111
00011111
00011111
00011111
00011111
00011111
00011111
00011111
00011111
00011111
00011111
00011111
00011111
00011111
00011111
00011111
00011111
00011111
00011111
00011111
00011111
00011111
00011111
00011111
00011111
00011111
00011111
00011111
00011111
00011111
00011111
00011111
00011111
00011111
00011111
00011111
00011111
00011111
00011111
00011111
00011111
00011111
00011111
00011111
00011111
00011111
00011111
00011111
00011111
00011111
00011111
00011111
00011111
00011111
00011111
00011111
00011111
00011111
00011111
00011111
00011111
00011111
00011111
00011111
00011111
01000110
00011110
00011111
00011111
00011101
00101101
01000111
00110110
00011111
00011111
00011111
00011111
00011111
00011111
00011111
00011111
00011111
00011111
00011111
00011111
00011111
00011111
00011111
00011111
00011111
00011111
00011111
00011111
00011111
00011111
00011111
00011111
00010010
01011101
01101011
01010011
01110111
00010110
01000011
10011000
00100000
00011110
00110001
00110110
00100000
00101110
00110011
00110011
00011111
00011111
00011111
00011111
00011111
00011111
00011111
00011111
00011111
00011111
00011111
00011111
00011111
00011111
00011111
00011111
00011111
00011111
00011111
00011111
00011111
00011111
00011111
00011111
00011111
00011111
00011111
00011111
00011110
00101001
00110100
00110110
00011111
00011111
00011111
00011111
00011111
00011111
00011111
00011111
00011111
00011111
00011111
00011111
00011111
00011111
00011111
00011111
00011111
00011111
00011111
00011111
00011111
00011111
00011111
00011111
01011000
00011001
00011111
00011111
00011111
00011111
00011111
00011111
00011111
00011111
00011111
00011111
00011111
00011111
00011111
00011111
00011111
00011111
00011111
00011111
00011111
00011111
00011111
00011111
00011111
00011111
00011111
00011111
00011111
00011111
00011111
00011111
00011111
00011111
00011111
00011111
00011111
00011111
00011111
00011111
00011111
00011111
00011111
00011111
00011111
00011111
00011111
00011111
00011111
00011111
00011111
00011111
00011111
00011111
00011111
00011111
00011111
00011111
00011111
00011111
00011111
00011111
00011111
00011111
00011111
00011111
00011111
00011111
00011111
00011111
00011111
00011111
00011111
00011111
00011111
00011111
00011111
00011111
00011111
00011111
00011111
00011111
00011111
00011111
00011111
00011111
00011111
00011111
00011111
00011111
00011111
00011111
00011111
00011111
00011111
00011111
00011111
00011111
00011111
00011111
00011111
00011111
00011111
00011111
00011111
00011111
00011111
00011111
00011111
00011111
00011111
00011111
00011111
00011111
00011111
00011111
00011111
00011111
00011111
00011111
00011111
00011111
00011111
00011111
00011111
00011111
00011111
00011111
00011111
00011111
00011111
00011111
00011111
00011111
00011111
00011111
00011111
00011111
00011111
00011111
00011111
00011111
00011111
00011111
00011111
00011111
00011111
00011111
00011111
00011111
00011111
00011111
00100011
01000011
00011111
01000100
00101101
01000000
00011101
01000110
00011111
00011111
00011111
00011111
00011111
00011111
00011111
00011111
00011111
00011111
00011111
00011111
00011111
00011111
00011111
00011111
00011111
00011111
00011111
00011111
00011111
00011111
00011111
00011111
00010111
00100111
01010101
00100011
00011110
00011111
00011111
00011111
00100101
00100101
00111011
00100111
00100010
00101111
00111001
00100101
00011111
00011111
00011111
00011111
00011111
00011101
00011110
00011111
00011111
00011111
00011111
00011111
00011111
00011111
00011111
00011111
00011111
00011111
00011111
00011111
00011111
00011111
00011111
00011111
00100001
00010101
10000100
01110000
00011000
00011111
00011111
00011111
00011111
00011111
00011111
00011111
00011111
00011111
00011111
00011111
00011111
00011111
00011111
00011111
00011111
00011111
00011111
00011111
00011111
00011111
00011111
00011111
00011111
00011111
00011111
00011111
00011111
00011111
00011111
00011111
00011111
00011111
00011111
00011111
00011111
00011111
00011111
00011111
00011111
00011111
00011111
00011111
00011111
00011111
00011111
00011111
00011111
00011111
00011111
00011111
00011111
00011111
00011111
00011111
00011111
00011111
00011111
00011111
00011111
00011111
00011111
00011111
00011111
00011111
00011111
00011111
00011111
00011111
00011111
00011111
00011111
00011111
00011111
00011111
00011111
00011111
00011111
00011111
00011111
00011111
00011111
00011111
00011111
00011111
00011111
00011111
00011111
00011111
00011111
00011111
00011111
00011111
00011111
00011111
00011111
00011111
00011111
00011111
00011111
00011111
00011111
00011111
00011111
00011111
00011111
00011111
00011111
00011111
00011111
00011111
00011111
00011111
00011111
00011111
00011111
00011111
00011111
00011111
00011111
00011111
00011111
00011111
00011111
00011111
00011111
00011111
00011111
00011111
00011111
00011111
00011111
00011111
00011111
00011111
00011111
00011111
00011111
00011111
00011111
00011111
00011111
00011111
00011111
00011111
00011111
00011111
00011111
00011111
00011111
00011111
00011111
00011111
00011111
00011111
00011111
00011111
00011111
00011111
00011111
00011111
00011111
00011111
00011111
00011111
00011111
00011111
00011111
00011111
00011111
00011111
00011111
00011111
00011111
00011111
00011111
00011111
00011111
00011111
01000110
00111111
01000000
01000001
00110010
01001011
01011000
00100100
00011111
00011111
00011111
00011111
00011111
00011111
00011111
00011111
00011111
00011111
00011111
00011111
00011111
00011111
00011111
00011111
00011111
00011111
00011111
00011111
00011111
00011111
00011111
00011111
00011111
00011111
00011111
00011111
00011111
00011111
00011111
00011111
00110010
01010111
00111110
00101001
00011110
00011111
00011111
00011110
00011111
00011111
00011111
00011111
00011111
00100010
00100000
00011111
00011111
00011111
00011111
00011111
00011111
00011111
00011111
00011111
00011111
00011111
00011111
00011111
00011111
00011111
00011111
00011111
00011111
00011111
00011111
00011111
00011111
00011111
00011111
00011111
00011111
00011111
00011111
00011111
00011111
00011111
00011111
00011111
00011111
00011111
00011111
00011111
00011111
00011111
00011111
00011111
00011111
00011111
00011111
00011111
00011111
00011111
00011111
00011111
00011111
00011111
00011111
00011111
00011111
00011111
00011111
00011111
00011111
00011111
00011111
00011111
00011111
00011111
00011111
00011111
00011111
00011111
00011111
00011111
00011111
00011111
00011111
00011111
00011111
00011111
00011111
00011111
00011111
00011111
00011111
00011111
00011111
00011111
00011111
00011111
00011111
00011111
00011111
00011111
00011111
00011111
00011111
00011111
00011111
00011111
00011111
00011111
00011111
00011111
00011111
00011111
00011111
00011111
00011111
00011111
00011111
00011111
00011111
00011111
00011111
00011111
00011111
00011111
00011111
00011111
00011111
00011111
00011111
00011111
00011111
00011111
00011111
00011111
00011111
00011111
00011111
00011111
00011111
00011111
00011111
00011111
00011111
00011111
00011111
00011111
00011111
00011111
00011111
00011111
00011111
00011111
00011111
00011111
00011111
00011111
00011111
00011111
00011111
00011111
00011111
00011111
00011111
00011111
00011111
00011111
00011111
00011111
00011111
00011111
00011111
00011111
00011111
00011111
00011111
00011111
00011111
00011111
00011111
00011111
00011111
00011111
00011111
00011111
00011111
00011111
00011111
00011111
00011111
00011111
00011111
00011111
00011111
00011111
00011111
00011111
00011111
00011111
00011111
00011111
00011111
00011111
00011111
00011111
00011111
00011111
00011111
00011111
00011111
00011111
00011111
00011111
00110111
00110001
00010111
00101110
01000101
00011110
00101100
00011010
00011111
00011111
00011111
00011111
00011111
00011111
00011111
00011111
00011111
00011111
00011111
00011111
00011111
00011111
00011111
00011111
00011111
00011111
00011111
00011111
00011111
00011111
00011111
00011111
00011111
00011111
00011111
00011111
00011111
00011111
00011111
00011111
00101010
00111100
00100101
00011111
01000001
00111100
00100100
00011111
00011111
00011111
00011111
00011111
00100011
00101010
00100001
00011111
00011111
00011111
00011111
00011110
00110000
00111111
00100100
00011110
00011111
00011111
00011111
00011111
00011111
00011111
00011111
00011111
00011111
00011111
00011111
00011111
00011111
00011111
00011111
00011111
00011111
00011111
00011111
00011111
00011111
00011111
00011111
00011111
00011111
00011111
00011111
00011111
00011111
00011111
00011111
00011111
00011111
00011111
00011111
00011111
00011111
00011111
00011111
00011111
00011111
00011111
00011111
00011111
00011111
00011111
00011111
00011111
00011111
00011111
00011111
00011111
00011111
00011111
00011111
00011111
00011111
00011111
00011111
00011111
00011111
00011111
00011111
00011111
00011111
00011111
00011111
00011111
00011111
00011111
00011111
00011111
00011111
00011111
00011111
00011111
00011111
00011111
00011111
00011111
00011111
00011111
00011111
00011111
00011111
00011111
00011111
00011111
00011111
00011111
00011111
00011111
00011111
00011111
00011111
00011111
00011111
00011111
00011111
00011111
00011111
00011111
00011111
00011111
00011111
00011111
00011111
00011111
00011111
00011111
00011111
00011111
00011111
00011111
00011111
00011111
00011111
00011111
00011111
00011111
00011111
00011111
00011111
00011111
00011111
00011111
00011111
00011111
00011111
00011111
00011111
00011111
00011111
00011111
00011111
00011111
00011111
00011111
00011111
00011111
00011111
00011111
00011111
00011111
00011111
00011111
00011111
00011111
00011111
00011111
00011111
00011111
00011111
00011111
00011111
00011111
00011111
00011111
00011111
00011111
00011111
00011111
00011111
00011111
00011111
00011111
00011111
00011111
00011111
00011111
00011111
00011111
00011111
00011111
00011111
00011111
00011111
00011111
00011111
00011111
00011111
00011111
00011111
00011111
00011111
00011111
00011111
00011111
00011111
00011111
00011111
00011111
00111000
00101100
00011100
00100011
01011101
00110010
00011100
00011111
00011111
00011111
00011111
00011111
00011111
00011111
00011111
00011111
00011111
00011111
00011111
00011111
00011111
00011111
00011111
00011111
00011111
00011111
00011111
00011111
00011111
00011111
00011111
00011111
00011111
00011111
00011111
00011111
00011111
00011111
00011111
00011111
00011111
00011111
00100001
01000011
01010001
00110111
00101011
01000110
00011111
00011111
00011111
00011111
00011111
00011111
00011111
00011111
00011111
00011111
00011111
00011111
00011111
00011111
00011111
00011111
00011111
00011111
00011111
00011111
00011111
00011111
00011111
00011111
00011111
00011111
00011111
00011111
00011111
00011111
00011111
00011111
00011111
00011111
00011111
00011111
00011111
00011111
00011111
00011111
00011111
00011111
00011111
00011111
00011111
00011111
00011111
00011111
00011111
00011111
00011111
00011111
00011111
00011111
00011111
00011111
00011111
00011111
00011111
00011111
00011111
00011111
00011111
00011111
00011111
00011111
00011111
00011111
00011111
00011111
00011111
00011111
00011111
00011111
00011111
00011111
00011111
00011111
00011111
00011111
00011111
00011111
00011111
00011111
00011111
00011111
00011111
00011111
00011111
00011111
00011111
00011111
00011111
00011111
00011111
00011111
00011111
00011111
00011111
00011111
00011111
00011111
00011111
00011111
00011111
00011111
00011111
00011111
00011111
00011111
00011111
00011111
00011111
00011111
00011111
00011111
00011111
00011111
00011111
00011111
00011111
00011111
00011111
00011111
00011111
00011111
00011111
00011111
00011111
00011111
00011111
00011111
00011111
00011111
00011111
00011111
00011111
00011111
00011111
00011111
00011111
00011111
00011111
00011111
00011111
00011111
00011111
00011111
00011111
00011111
00011111
00011111
00011111
00011111
00011111
00011111
00011111
00011111
00011111
00011111
00011111
00011111
00011111
00011111
00011111
00011111
00011111
00011111
00011111
00011111
00011111
00011111
00011111
00011111
00011111
00011111
00011111
00011111
00011111
00011111
00011111
00011111
00011111
00011111
00011111
00011111
00011111
00011111
00011111
00011111
00011111
00011111
00011111
00011111
00011111
00011111
00011111
00011111
00011111
00011111
00011111
00011111
00011111
00011111
00011111
00011111
00011111
00011111
00011111
00011111
00011111
00011111
00011111
00011111
00011111
00011111
00011111
00011111
00011111
00011111
00011111
00011111
00011111
00011111
00011111
00011111
00011111
00011111
00011111
00011111
00011111
00011111
00011111
00011111
00011111
00011111
00011111
00011111
00011111
00011111
00011111
00011111
00011111
00011111
00011111
00011111
00011111
00011111
00110111
00100110
00011101
00110010
00110101
00011111
00011111
00011111
00011111
00011111
00011111
00011011
00011100
00011111
00011110
00011011
00011111
00011111
00011111
00011111
00011111
00011111
00011111
00011111
00011111
00011111
00011111
00011111
00011111
00011111
00011111
00011111
00011111
00011111
00011111
00011111
00011111
00011111
00011111
00011111
00011111
00011111
00011111
00011111
00011111
00011111
00011111
00011111
00011111
00011111
00011111
00011111
00011111
00011111
00011111
00011111
00011111
00011111
00011111
00011111
00011111
00011111
00011111
00011111
00011111
00011111
00011111
00011111
00011111
00011111
00011111
00011111
00011111
00011111
00011111
00011111
00011111
00011111
00011111
00011111
00011111
00011111
00011111
00011111
00011111
00011111
00011111
00011111
00011111
00011111
00011111
00011111
00011111
00011111
00011111
00011111
00011111
00011111
00011111
00011111
00011111
00011111
00011111
00011111
00011111
00011111
00011111
00011111
00011111
00011111
00011111
00011111
00011111
00011111
00011111
00011111
00011111
00011111
00011111
00011111
00011111
00011111
00011111
00011111
00011111
00011111
00011111
00011111
00011111
00011111
00011111
00011111
00011111
00011111
00011111
00011111
00011111
00011111
00011111
00011111
00011111
00011111
00011111
00011111
00011111
00011111
00011111
00011111
00011111
00011111
00011111
00011111
00011111
00011111
00011111
00011111
00011111
00011111
00011111
00011111
00011111
00011111
00011111
00011111
00011111
00011111
00011111
00011111
00011111
00011111
00011111
00011111
00011111
00011111
00011111
00011111
00011111
00011111
00011111
00011111
00011111
00011111
00011111
00011111
00011111
00011111
00011111
00011111
00011111
00011111
00011111
00011111
00011111
00011111
00011111
00011111
00011111
00011111
00011111
00011111
00011111
00011111
00011111
00011111
00011111
00011111
00011111
00011111
00011111
00011111
00011111
00011111
00011111
00011111
00011111
00011111
00011111
00011111
00011111
00011111
00011111
00011111
00011111
00011111
00011111
00011111
00011111
00011111
00011111
00011111
00011111
00011111
00011111
00011111
00011111
00011111
00011111
00011111
00011111
00011111
00011111
00011111
00011111
00011111
00011111
00011111
00011111
00011111
00011111
00011111
00011111
00011111
00011111
00011111
00011111
00011111
00011110
00100010
01001110
00111101
01001110
00100111
00101100
00100001
00011101
00011111
00011111
00011111
00011111
00011111
00011111
00011111
00011111
00011111
00101111
00100011
00011110
00011111
00011111
00011111
00011111
00011111
00011111
00011111
00011111
00011111
00011111
00011111
00011111
00011111
00011111
00011111
00011111
00011111
00011111
00011111
00011111
00011111
00011111
00011111
00011111
00011111
00011111
00011111
00011111
00011111
00011111
00011111
00011111
00011111
00011111
00011111
00011111
00011111
00011111
00011111
00011111
00011111
00011111
00011111
00011111
00011111
00011111
00011111
00011111
00011111
00011111
00011111
00011111
00011111
00011111
00011111
00011111
00011111
00011111
00011111
00011111
00011111
00011111
00011111
00011111
00011111
00011111
00011111
00011111
00011111
00011111
00011111
00011111
00011111
00011111
00011111
00011111
00011111
00011111
00011111
00011111
00011111
00011111
00011111
00011111
00011111
00011111
00011111
00011111
00011111
00011111
00011111
00011111
00011111
00011111
00011111
00011111
00011111
00011111
00011111
00011111
00011111
00011111
00011111
00011111
00011111
00011111
00011111
00011111
00011111
00011111
00011111
00011111
00011111
00011111
00011111
00011111
00011111
00011111
00011111
00011111
00011111
00011111
00011111
00011111
00011111
00011111
00011111
00011111
00011111
00011111
00011111
00011111
00011111
00011111
00011111
00011111
00011111
00011111
00011111
00011111
00011111
00011111
00011111
00011111
00011111
00011111
00011111
00011111
00011111
00011111
00011111
00011111
00011111
00011111
00011111
00011111
00011111
00011111
00011111
00011111
00011111
00011111
00011111
00011111
00011111
00011111
00011111
00011111
00011111
00011111
00011111
00011111
00011111
00011111
00011111
00011111
00011111
00011111
00011111
00011111
00011111
00011111
00011111
00011111
00011111
00011111
00011111
00011111
00011111
00011111
00011111
00011111
00011111
00011111
00011111
00011111
00011111
00011111
00011111
00011111
00011111
00011111
00011111
00011111
00011111
00011111
00011111
00011111
00011111
00011111
00011111
00011111
00011111
00011111
00011111
00011111
00011111
00011111
00011111
00011111
00011111
00011111
00011111
00011111
00011111
00011111
00011111
00011111
00011111
00011111
00011111
00011111
00011111
00011111
00011111
00101100
00111011
01000101
01001010
00110101
00011101
00011111
00011111
00011111
00011111
00011111
00011111
00011111
00011111
00011111
00011111
00011111
00011111
00011111
00011111
00011111
00011111
00011111
00011111
00011111
00011111
00011111
00011111
00011111
00011111
00011111
00011111
00011111
00011111
00011111
00011111
00011111
00011111
00011111
00011111
00011111
00011111
00011111
00011111
00011111
00011111
00011111
00011111
00011111
00011111
00011111
00011111
00011111
00011111
00011111
00011111
00011111
00011111
00011111
00011111
00011111
00011111
00011111
00011111
00011111
00011111
00011111
00011111
00011111
00011111
00011111
00011111
00011111
00011111
00011111
00011111
00011111
00011111
00011111
00011111
00011111
00011111
00011111
00011111
00011111
00011111
00011111
00011111
00011111
00011111
00011111
00011111
00011111
00011111
00011111
00011111
00011111
00011111
00011111
00011111
00011111
00011111
00011111
00011111
00011111
00011111
00011111
00011111
00011111
00011111
00011111
00011111
00011111
00011111
00011111
00011111
00011111
00011111
00011111
00011111
00011111
00011111
00011111
00011111
00011111
00011111
00011111
00011111
00011111
00011111
00011111
00011111
00011111
00011111
00011111
00011111
00011111
00011111
00011111
00011111
00011111
00011111
00011111
00011111
00011111
00011111
00011111
00011111
00011111
00011111
00011111
00011111
00011111
00011111
00011111
00011111
00011111
00011111
00011111
00011111
00011111
00011111
00011111
00011111
00011111
00011111
00011111
00011111
00011111
00011111
00011111
00011111
00011111
00011111
00011111
00011111
00011111
00011111
00011111
00011111
00011111
00011111
00011111
00011111
00011111
00011111
00011111
00011111
00011111
00011111
00011111
00011111
00011111
00011111
00011111
00011111
00011111
00011111
00011111
00011111
00011111
00011111
00011111
00011111
00011111
00011111
00011111
00011111
00011111
00011111
00011111
00011111
00011111
00011111
00011111
00011111
00011111
00011111
00011111
00011111
00011111
00011111
00011111
00011111
00011111
00011111
00011111
00011111
00011111
00011111
00011111
00011111
00011111
00011111
00011111
00011111
00011111
00011111
00011111
00011111
00011111
00011111
00011111
00011111
00011111
00011111
00011111
00011111
00011111
00011111
00011111
00011111
00011111
00011111
00011111
00011111
00011110
00101010
00111011
00100100
00100110
00100101
00100100
00100110
00011111
00011001
00011001
00011111
00011111
00011011
00011100
00011111
00011111
00011111
00011111
00011111
00011111
00011111
00011111
00011111
00011111
00011111
00011111
00011111
00011111
00011111
00011111
00011111
00011111
00011111
00011111
00011111
00011111
00011111
00011111
00011111
00011111
00011111
00011111
00011111
00011111
00011111
00011111
00011111
00011111
00011111
00011111
00011111
00011111
00011111
00011111
00011111
00011111
00011111
00011111
00011111
00011111
00011111
00011111
00011111
00011111
00011111
00011111
00011111
00011111
00011111
00011111
00011111
00011111
00011111
00011111
00011111
00011111
00011111
00011111
00011111
00011111
00011111
00011111
00011111
00011111
00011111
00011111
00011111
00011111
00011111
00011111
00011111
00011111
00011111
00011111
00011111
00011111
00011111
00011111
00011111
00011111
00011111
00011111
00011111
00011111
00011111
00011111
00011111
00011111
00011111
00011111
00011111
00011111
00011111
00011111
00011111
00011111
00011111
00011111
00011111
00011111
00011111
00011111
00011111
00011111
00011111
00011111
00011111
00011111
00011111
00011111
00011111
00011111
00011111
00011111
00011111
00011111
00011111
00011111
00011111
00011111
00011111
00011111
00011111
00011111
00011111
00011111
00011111
00011111
00011111
00011111
00011111
00011111
00011111
00011111
00011111
00011111
00011111
00011111
00011111
00011111
00011111
00011111
00011111
00011111
00011111
00011111
00011111
00011111
00011111
00011111
00011111
00011111
00011111
00011111
00011111
00011111
00011111
00011111
00011111
00011111
00011111
00011111
00011111
00011111
00011111
00011111
00011111
00011111
00011111
00011111
00011111
00011111
00011111
00011111
00011111
00011111
00011111
00011111
00011111
00011111
00011111
00011111
00011111
00011111
00011111
00011111
00011111
00011111
00011111
00011111
00011111
00011111
00011111
00011111
00011111
00011111
00011111
00011111
00011111
00011111
00011111
00011111
00011111
00011111
00011111
00011111
00011111
00011111
00011111
00011111
00011111
00011111
00011111
00011111
00011111
00011111
00011111
00011111
00011111
00011111
00011111
00011111
00011111
00011111
00011111
00011111
00011111
00011111
00011111
00011111
00011111
00011111
00011111
00011111
00011111
01000010
00111010
00110010
00100001
00110001
00110010
00110011
00100001
00011110
00011011
00011100
00011111
00100011
00101000
00100001
00011110
00011111
00011111
00011111
00011110
00101011
00111101
00101001
00011101
00011111
00011111
00011111
00011111
00011111
00011111
00011111
00011111
00011111
00011111
00011111
00011111
00011111
00011111
00011111
00011111
00011111
00011111
00011111
00011111
00011111
00011111
00011111
00011111
00011111
00011111
00011111
00011111
00011111
00011111
00011111
00011111
00011111
00011111
00011111
00011111
00011111
00011111
00011111
00011111
00011111
00011111
00011111
00011111
00011111
00011111
00011111
00011111
00011111
00011111
00011111
00011111
00011111
00011111
00011111
00011111
00011111
00011111
00011111
00011111
00011111
00011111
00011111
00011111
00011111
00011111
00011111
00011111
00011111
00011111
00011111
00011111
00011111
00011111
00011111
00011111
00011111
00011111
00011111
00011111
00011111
00011111
00011111
00011111
00011111
00011111
00011111
00011111
00011111
00011111
00011111
00011111
00011111
00011111
00011111
00011111
00011111
00011111
00011111
00011111
00011111
00011111
00011111
00011111
00011111
00011111
00011111
00011111
00011111
00011111
00011111
00011111
00011111
00011111
00011111
00011111
00011111
00011111
00011111
00011111
00011111
00011111
00011111
00011111
00011111
00011111
00011111
00011111
00011111
00011111
00011111
00011111
00011111
00011111
00011111
00011111
00011111
00011111
00011111
00011111
00011111
00011111
00011111
00011111
00011111
00011111
00011111
00011111
00011111
00011111
00011111
00011111
00011111
00011111
00011111
00011111
00011111
00011111
00011111
00011111
00011111
00011111
00011111
00011111
00011111
00011111
00011111
00011111
00011111
00011111
00011111
00011111
00011111
00011111
00011111
00011111
00011111
00011111
00011111
00011111
00011111
00011111
00011111
00011111
00011111
00011111
00011111
00011111
00011111
00011111
00011111
00011111
00011111
00011111
00011111
00011111
00011111
00011111
00011111
00011111
00011111
00011111
00011111
00011111
00011111
00011111
00011111
00011111
00011111
00011111
00011111
00011111
00011111
00011111
00011111
00011111
00011111
00011111
00011111
00011111
00011111
00011111
00011111
00011111
00011111
00011111
00011111
00011111
00011111
00011111
00011111
00011111
00101111
00111010
00100011
00110010
01010110
00111111
00101000
00101000
00100010
00101001
00100011
00011111
00011111
00011111
00011111
00011111
00101011
00111110
00101001
00011110
00011111
00011111
00011111
00011111
00011111
00011111
00011111
00011111
00011111
00011111
00011111
00011111
00011111
00011111
00011111
00011111
00011111
00011111
00011111
00011111
00011111
00011111
00011111
00011111
00011111
00011111
00011111
00011111
00011111
00011111
00011111
00011111
00011111
00011111
00011111
00011111
00011111
00011111
00011111
00011111
00011111
00011111
00011111
00011111
00011111
00011111
00011111
00011111
00011111
00011111
00011111
00011111
00011111
00011111
00011111
00011111
00011111
00011111
00011111
00011111
00011111
00011111
00011111
00011111
00011111
00011111
00011111
00011111
00011111
00011111
00011111
00011111
00011111
00011111
00011111
00011111
00011111
00011111
00011111
00011111
00011111
00011111
00011111
00011111
00011111
00011111
00011111
00011111
00011111
00011111
00011111
00011111
00011111
00011111
00011111
00011111
00011111
00011111
00011111
00011111
00011111
00011111
00011111
00011111
00011111
00011111
00011111
00011111
00011111
00011111
00011111
00011111
00011111
00011111
00011111
00011111
00011111
00011111
00011111
00011111
00011111
00011111
00011111
00011111
00011111
00011111
00011111
00011111
00011111
00011111
00011111
00011111
00011111
00011111
00011111
00011111
00011111
00011111
00011111
00011111
00011111
00011111
00011111
00011111
00011111
00011111
00011111
00011111
00011111
00011111
00011111
00011111
00011111
00011111
00011111
00011111
00011111
00011111
00011111
00011111
00011111
00011111
00011111
00011111
00011111
00011111
00011111
00011111
00011111
00011111
00011111
00011111
00011111
00011111
00011111
00011111
00011111
00011111
00011111
00011111
00011111
00011111
00011111
00011111
00011111
00011111
00011111
00011111
00011111
00011111
00011111
00011111
00011111
00011111
00011111
00011111
00011111
00011111
00011111
00011111
00011111
00011111
00011111
00011111
00011111
00011111
00011111
00011111
00011111
00011111
00011111
00011111
00011111
00011111
00011111
00011111
00011111
00011111
00011111
00011111
00011111
00011111
00011111
00011111
00011111
00011111
00011111
00011111
00011111
00011111
00011111
00011111
00011111
00011111
00011111
00011111
00110001
00110101
00011111
00110101
00110101
00011110
00100111
00101011
00011111
00011111
00011111
00011111
00011111
00011111
00011111
00011100
00011111
00011111
00011111
00011111
00011111
00011111
00011111
00011111
00011111
00011111
00011111
00011111
00011111
00011111
00011111
00011111
00011111
00011111
00011111
00011111
00011111
00011111
00011111
00011111
00011111
00011111
00011111
00011111
00011111
00011111
00011111
00011111
00011111
00011111
00011111
00011111
00011111
00011111
00011111
00011111
00011111
00011111
00011111
00011111
00011111
00011111
00011111
00011111
00011111
00011111
00011111
00011111
00011111
00011111
00011111
00011111
00011111
00011111
00011111
00011111
00011111
00011111
00011111
00011111
00011111
00011111
00011111
00011111
00011111
00011111
00011111
00011111
00011111
00011111
00011111
00011111
00011111
00011111
00011111
00011111
00011111
00011111
00011111
00011111
00011111
00011111
00011111
00011111
00011111
00011111
00011111
00011111
00011111
00011111
00011111
00011111
00011111
00011111
00011111
00011111
00011111
00011111
00011111
00011111
00011111
00011111
00011111
00011111
00011111
00011111
00011111
00011111
00011111
00011111
00011111
00011111
00011111
00011111
00011111
00011111
00011111
00011111
00011111
00011111
00011111
00011111
00011111
00011111
00011111
00011111
00011111
00011111
00011111
00011111
00011111
00011111
00011111
00011111
00011111
00011111
00011111
00011111
00011111
00011111
00011111
00011111
00011111
00011111
00011111
00011111
00011111
00011111
00011111
00011111
00011111
00011111
00011111
00011111
00011111
00011111
00011111
00011111
00011111
00011111
00011111
00011111
00011111
00011111
00011111
00011111
00011111
00011111
00011111
00011111
00011111
00011111
00011111
00011111
00011111
00011111
00011111
00011111
00011111
00011111
00011111
00011111
00011111
00011111
00011111
00011111
00011111
00011111
00011111
00011111
00011111
00011111
00011111
00011111
00011111
00011111
00011111
00011111
00011111
00011111
00011111
00011111
00011111
00011111
00011111
00011111
00011111
00011111
00011111
00011111
00011111
00011111
00011111
00011111
00011111
00011111
00011111
00011111
00011111
00011111
00011111
00011111
00011111
00011111
00011111
00011111
00011111
00011111
00011111
00011111
00011111
00011111
00011111
00011111
00011111
00011111
00100010
00101110
00011110
00011111
00011111
00011111
00011111
00011111
00011011
00011110
00011111
00011111
00011111
00011111
00011111
00011111
00011111
00011110
00100111
00101100
00011100
00011111
00011111
00011111
00011111
00011111
00011111
00011111
00011111
00011111
00011111
00011111
00011111
00011111
00011111
00011111
00011111
00011111
00011111
00011111
00011111
00011111
00011111
00011111
00011111
00011111
00011111
00011111
00011111
00011111
00011111
00011111
00011111
00011111
00011111
00011111
00011111
00011111
00011111
00011111
00011111
00011111
00011111
00011111
00011111
00011111
00011111
00011111
00011111
00011111
00011111
00011111
00011111
00011111
00011111
00011111
00011111
00011111
00011111
00011111
00011111
00011111
00011111
00011111
00011111
00011111
00011111
00011111
00011111
00011111
00011111
00011111
00011111
00011111
00011111
00011111
00011111
00011111
00011111
00011111
00011111
00011111
00011111
00011111
00011111
00011111
00011111
00011111
00011111
00011111
00011111
00011111
00011111
00011111
00011111
00011111
00011111
00011111
00011111
00011111
00011111
00011111
00011111
00011111
00011111
00011111
00011111
00011111
00011111
00011111
00011111
00011111
00011111
00011111
00011111
00011111
00011111
00011111
00011111
00011111
00011111
00011111
00011111
00011111
00011111
00011111
00011111
00011111
00011111
00011111
00011111
00011111
00011111
00011111
00011111
00011111
00011111
00011111
00011111
00011111
00011111
00011111
00011111
00011111
00011111
00011111
00011111
00011111
00011111
00011111
00011111
00011111
00011111
00011111
00011111
00011111
00011111
00011111
00011111
00011111
00011111
00011111
00011111
00011111
00011111
00011111
00011111
00011111
00011111
00011111
00011111
00011111
00011111
00011111
00011111
00011111
00011111
00011111
00011111
00011111
00011111
00011111
00011111
00011111
00011111
00011111
00011111
00011111
00011111
00011111
00011111
00011111
00011111
00011111
00011111
00011111
00011111
00011111
00011111
00011111
00011111
00011111
00011111
00011111
00011111
00011111
00011111
00011111
00011111
00011111
00011111
00011111
00011111
00011111
00011111
00011111
00011111
00011111
00011111
00011111
00011111
00011111
00011111
00011111
00011111
00011111
00011111
00011111
00011111
00011111
00011111
00011111
00011111
00011111
00011111
00011111
00011111
00011111
00011111
00011111
00011111
00011111
00011111
00011111
00011111
00011111
00011111
00011111
00011111
00011111
00011111
00011111
00011111
00011111
00011111
00011111
00011111
00011111
00011111
00011111
00011111
00011111
00011111
00011111
00011111
00011111
00011111
00011111
00011111
00011111
00011111
00011111
00011111
00011111
00011111
00011111
00011111
00011111
00011111
00011111
00011111
00011111
00011111
00011111
00011111
00011111
00011111
00011111
00011111
00011111
00011111
00011111
00011111
00011111
00011111
00011111
00011111
00011111
00011111
00011111
00011111
00011111
00011111
00011111
00011111
00011111
00011111
00011111
00011111
00011111
00011111
00011111
00011111
00011111
00011111
00011111
00011111
00011111
00011111
00011111
00011111
00011111
00011111
00011111
00011111
00011111
00011111
00011111
00011111
00011111
00011111
00011111
00011111
00011111
00011111
00011111
00011111
00011111
00011111
00011111
00011111
00011111
00011111
00011111
00011111
00011111
00011111
00011111
00011111
00011111
00011111
00011111
00011111
00011111
00011111
00011111
00011111
00011111
00011111
00011111
00011111
00011111
00011111
00011111
00011111
00011111
00011111
00011111
00011111
00011111
00011111
00011111
00011111
00011111
00011111
00011111
00011111
00011111
00011111
00011111
00011111
00011111
00011111
00011111
00011111
00011111
00011111
00011111
00011111
00011111
00011111
00011111
00011111
00011111
00011111
00011111
00011111
00011111
00011111
00011111
00011111
00011111
00011111
00011111
00011111
00011111
00011111
00011111
00011111
00011111
00011111
00011111
00011111
00011111
00011111
00011111
00011111
00011111
00011111
00011111
00011111
00011111
00011111
00011111
00011111
00011111
00011111
00011111
00011111
00011111
00011111
00011111
00011111
00011111
00011111
00011111
00011111
00011111
00011111
00011111
00011111
00011111
00011111
00011111
00011111
00011111
00011111
00011111
00011111
00011111
00011111
00011111
00011111
00011111
00011111
00011111
00011111
00011111
00011111
00011111
00011111
00011111
00011111
00011111
00011111
00011111
00011111
00011111
00011111
00011111
00011111
00011111
00011111
00011111
00011111
00011111
00011111
00011111
00011111
00011111
00011111
00011111
00011111
00011111
00011111
00011111
00011111
00011111
00011111
00011111
00011111
00011111
00011111
00011111
00011111
00011111
00011111
00011111
00011111
00011111
00011111
00011100
00010111
00011101
00011111
00011101
00011010
00011101
00011111
00011111
00011111
00011111
00011111
00011111
00011111
00011111
00011111
00011111
00011111
00011111
00011111
00011111
00011111
00011111
00011111
00011111
00011111
00011111
00011111
00011111
00011111
00011111
00011111
00011111
00011111
00011111
00011111
00011111
00011111
00011111
00011111
00011111
00011111
00011111
00011111
00011111
00011111
00011111
00011111
00011111
00011111
00011111
00011111
00011111
00011111
00011111
00011111
00011111
00011111
00011111
00011111
00011111
00011111
00011111
00011111
00011111
00011111
00011111
00011111
00011111
00011111
00011111
00011111
00011111
00011111
00011111
00011111
00011111
00011111
00011111
00011111
00011111
00011111
00011111
00011111
00011111
00011111
00011111
00011111
00011111
00011111
00011111
00011111
00011111
00011111
00011111
00011111
00011111
00011111
00011111
00011111
00011111
00011111
00011111
00011111
00011111
00011111
00011111
00011111
00011111
00011111
00011111
00011111
00011111
00011111
00011111
00011111
00011111
00011111
00011111
00011111
00011111
00011111
00011111
00011111
00011111
00011111
00011111
00011111
00011111
00011111
00011111
00011111
00011111
00011111
00011111
00011111
00011111
00011111
00011111
00011111
00011111
00011111
00011111
00011111
00011111
00011111
00011111
00011111
00011111
00011111
00011111
00011111
00011111
00011111
00011111
00011111
00011111
00011111
00011111
00011111
00011111
00011111
00011111
00011111
00011111
00011111
00011111
00011111
00011111
00011111
00011111
00011111
00011111
00011111
00011111
00011111
00011111
00011111
00011111
00011111
00011111
00011111
00011111
00011111
00011111
00011111
00011111
00011111
00011111
00011111
00011111
00011111
00011111
00011111
00011111
00011111
00011111
00011111
00011111
00011111
00011111
00011111
00011111
00011111
00011111
00011111
00011111
00011111
00011111
00011111
00011111
00011111
00011111
00011111
00011111
00011111
00011111
00011111
00011111
00011111
00011111
00011111
00011111
00011111
00011111
00011111
00011111
00011111
00011111
00011111
00011111
00011111
00011111
00011111
00011111
00011111
00011111
00011111
00011111
00011111
00011111
00011111
00011111
00011111
00011111
00011111
00011111
00011111
00011111
00011111
00011111
00011111
00011111
00011111
00011111
00011111
00101000
00100111
00011111
00011111
00011111
00011111
00011111
00011111
00111000
00111010
00100001
00011111
00011111
00011111
00011110
00011111
00011111
00011111
00011111
00011111
00011111
00011111
00011111
00011111
00011111
00011111
00011111
00011111
00011111
00011111
00011111
00011111
00011111
00011111
00011111
00011111
00011111
00011111
00011111
00011111
00011111
00011111
00011111
00011111
00011111
00011111
00011111
00011111
00011111
00011111
00011111
00011111
00011111
00011111
00011111
00011111
00011111
00011111
00011111
00011111
00011111
00011111
00011111
00011111
00011111
00011111
00011111
00011111
00011111
00011111
00011111
00011111
00011111
00011111
00011111
00011111
00011111
00011111
00011111
00011111
00011111
00011111
00011111
00011111
00011111
00011111
00011111
00011111
00011111
00011111
00011111
00011111
00011111
00011111
00011111
00011111
00011111
00011111
00011111
00011111
00011111
00011111
00011111
00011111
00011111
00011111
00011111
00011111
00011111
00011111
00011111
00011111
00011111
00011111
00011111
00011111
00011111
00011111
00011111
00011111
00011111
00011111
00011111
00011111
00011111
00011111
00011111
00011111
00011111
00011111
00011111
00011111
00011111
00011111
00011111
00011111
00011111
00011111
00011111
00011111
00011111
00011111
00011111
00011111
00011111
00011111
00011111
00011111
00011111
00011111
00011111
00011111
00011111
00011111
00011111
00011111
00011111
00011111
00011111
00011111
00011111
00011111
00011111
00011111
00011111
00011111
00011111
00011111
00011111
00011111
00011111
00011111
00011111
00011111
00011111
00011111
00011111
00011111
00011111
00011111
00011111
00011111
00011111
00011111
00011111
00011111
00011111
00011111
00011111
00011111
00011111
00011111
00011111
00011111
00011111
00011111
00011111
00011111
00011111
00011111
00011111
00011111
00011111
00011111
00011111
00011111
00011111
00011111
00011111
00011111
00011111
00011111
00011111
00011111
00011111
00011111
00011111
00011111
00011111
00011111
00011111
00011111
00011111
00011111
00011111
00011111
00011111
00011111
00011111
00011111
00011111
00011111
00011111
00011111
00011111
00011111
00011111
00011111
00011111
00011111
00011111
00011111
00011111
00011111
00011111
00011111
00011111
00011111
00011111
00011111
00011111
00011111
00011111
00011111
00011111
00100100
00100001
00011110
00011111
00011010
00011011
00011011
00100000
00101101
00101100
00011101
00011111
00011111
00011111
00011111
00100001
00011111
00011111
00011111
00011111
00011111
00011111
00011111
00011111
00011111
00011111
00011111
00011111
00011111
00011111
00011111
00011111
00011111
00011111
00011111
00011111
00011111
00011111
00011111
00011111
00011111
00011111
00011111
00011111
00011111
00011111
00011111
00011111
00011111
00011111
00011111
00011111
00011111
00011111
00011111
00011111
00011111
00011111
00011111
00011111
00011111
00011111
00011111
00011111
00011111
00011111
00011111
00011111
00011111
00011111
00011111
00011111
00011111
00011111
00011111
00011111
00011111
00011111
00011111
00011111
00011111
00011111
00011111
00011111
00011111
00011111
00011111
00011111
00011111
00011111
00011111
00011111
00011111
00011111
00011111
00011111
00011111
00011111
00011111
00011111
00011111
00011111
00011111
00011111
00011111
00011111
00011111
00011111
00011111
00011111
00011111
00011111
00011111
00011111
00011111
00011111
00011111
00011111
00011111
00011111
00011111
00011111
00011111
00011111
00011111
00011111
00011111
00011111
00011111
00011111
00011111
00011111
00011111
00011111
00011111
00011111
00011111
00011111
00011111
00011111
00011111
00011111
00011111
00011111
00011111
00011111
00011111
00011111
00011111
00011111
00011111
00011111
00011111
00011111
00011111
00011111
00011111
00011111
00011111
00011111
00011111
00011111
00011111
00011111
00011111
00011111
00011111
00011111
00011111
00011111
00011111
00011111
00011111
00011111
00011111
00011111
00011111
00011111
00011111
00011111
00011111
00011111
00011111
00011111
00011111
00011111
00011111
00011111
00011111
00011111
00011111
00011111
00011111
00011111
00011111
00011111
00011111
00011111
00011111
00011111
00011111
00011111
00011111
00011111
00011111
00011111
00011111
00011111
00011111
00011111
00011111
00011111
00011111
00011111
00011111
00011111
00011111
00011111
00011111
00011111
00011111
00011111
00011111
00011111
00011111
00011111
00011111
00011111
00011111
00011111
00011111
00011111
00011111
00011111
00011111
00011111
00011111
00011111
00011111
00011111
00011111
00011111
00011111
00011111
00011111
00011111
00011111
00011111
00011111
00011111
00011111
00011111
00011111
00011111
00011111
00011111
00100000
00011101
00011111
00011111
00011111
00011111
00011111
00011111
00101010
00011101
00011111
00011111
00011111
00011111
00011111
00011111
00011111
00011111
00011111
00011111
00011111
00011111
00011111
00011111
00011111
00011111
00011111
00011111
00011111
00011111
00011111
00011111
00011111
00011111
00011111
00011111
00011111
00011111
00011111
00011111
00011111
00011111
00011111
00011111
00011111
00011111
00011111
00011111
00011111
00011111
00011111
00011111
00011111
00011111
00011111
00011111
00011111
00011111
00011111
00011111
00011111
00011111
00011111
00011111
00011111
00011111
00011111
00011111
00011111
00011111
00011111
00011111
00011111
00011111
00011111
00011111
00011111
00011111
00011111
00011111
00011111
00011111
00011111
00011111
00011111
00011111
00011111
00011111
00011111
00011111
00011111
00011111
00011111
00011111
00011111
00011111
00011111
00011111
00011111
00011111
00011111
00011111
00011111
00011111
00011111
00011111
00011111
00011111
00011111
00011111
00011111
00011111
00011111
00011111
00011111
00011111
00011111
00011111
00011111
00011111
00011111
00011111
00011111
00011111
00011111
00011111
00011111
00011111
00011111
00011111
00011111
00011111
00011111
00011111
00011111
00011111
00011111
00011111
00011111
00011111
00011111
00011111
00011111
00011111
00011111
00011111
00011111
00011111
00011111
00011111
00011111
00011111
