00011111
00011101
00101100
00110000
00110011
00011101
00011111
00011111
00011111
00011111
00011111
00011111
00011111
00011111
00011111
00011111
00011111
00011111
00011110
00011100
00011111
00011101
00011010
00011010
00011111
01000100
00100010
00011111
00011111
00011111
00011111
00011111
00011111
01000100
00100010
00011111
00011111
00011111
00011111
00011111
00011111
01000100
00100010
00011111
00011111
00011111
00011111
00011111
00011111
01000100
00100010
00011111
00011111
00011111
00011111
00011111
00011111
01000100
00100010
00011111
00011111
00011111
00011111
00011111
00011111
01000100
00100010
00011111
00011111
00011111
00011111
00011111
00011111
01000100
00100010
00011111
00011111
00011111
00011111
00011111
00011111
01000100
00100010
00011111
00011111
00011111
00011111
00011111
00011111
01000100
00100010
00011111
00011111
00011111
00011111
00011111
00011111
01000100
00100010
00011111
00011111
00011111
00011111
00011111
00011111
01000100
00100010
00011111
00011111
00011111
00011111
00011111
00011111
01000100
00100010
00011111
00011111
00011111
00011111
00011111
00011111
01000100
00100010
00011111
00011111
00011111
00011111
00011111
00011111
01000100
00100010
00011111
00011111
00011111
00011111
00011111
00011111
01000100
00100010
00011111
00011111
00011111
00011111
00011111
00011111
01000100
00100010
00011111
00011111
00011111
00011111
00011111
00011111
01000100
00100010
00011111
00011111
00011111
00011111
00011111
00011111
01000100
00100010
00011111
00011111
00011111
00011111
00011111
00011111
01000100
00100010
00011111
00011111
00011111
00011111
00011111
00011111
01000100
00100010
00011111
00011111
00011111
00011111
00011111
00011111
01000100
00100010
00011111
00011111
00011111
00011111
00011111
00011111
01000100
00100010
00011111
00011111
00011111
00011111
00011111
00011111
01000100
00100010
00011111
00011111
00011111
00011111
00011111
00011111
01000100
00100010
00011111
00011111
00011111
00011111
00011111
00011111
01000100
00100010
00011111
00011111
00011111
00011111
00011111
00011111
01000100
00100010
00011111
00011111
00011111
00011111
00011111
00011100
00110110
10001101
10011110
01100001
00011111
00011101
00011100
00011111
00011111
00011111
01011110
01110011
00101010
00011110
00011111
00011111
00011111
00011111
00011111
00011111
00011111
00011111
00011111
00011101
00110110
01010011
01001111
00100110
00100111
00110001
00011011
00011111
00011111
00011111
00011111
00011111
00011111
00011111
00011111
00011101
00011101
00011101
00011111
00011111
00011111
00011111
00011111
00011111
00011111
00011111
00011111
00011111
00011111
00011111
00011111
00011111
00011111
00011111
00011111
00011111
00011111
00011111
00011111
00011111
00011111
00011111
00011111
00011111
00011111
00011111
00011110
00011111
00011111
00011111
00011111
00011111
00011111
00011111
00011110
00011111
00011111
00011111
00011111
00011111
00011111
00011111
00011110
00011111
00011111
00011111
00011111
00011111
00011111
00011111
00011110
00011111
00011111
00011111
00011111
00011111
00011111
00011111
00011110
00011111
00011111
00011111
00011111
00011111
00011111
00011111
00011110
00011111
00011111
00011111
00011111
00011111
00011111
00011111
00011110
00011111
00011111
00011111
00011111
00011111
00011111
00011111
00011110
00011111
00011111
00011111
00011111
00011111
00011111
00011111
00011110
00011111
00011111
00011111
00011111
00011111
00011111
00011111
00011110
00011111
00011111
00011111
00011111
00011111
00011111
00011111
00011110
00011111
00011111
00011111
00011111
00011111
00011111
00011111
00011110
00011111
00011111
00011111
00011111
00011111
00011111
00011111
00011110
00011111
00011111
00011111
00011111
00011111
00011111
00011111
00011110
00011111
00011111
00011111
00011111
00011111
00011111
00011111
00011110
00011111
00011111
00011111
00011111
00011111
00011111
00011111
00011110
00011111
00011111
00011111
00011111
00011111
00011111
00011111
00011110
00011111
00011111
00011111
00011111
00011111
00011111
00011111
00011110
00011111
00011111
00011111
00011111
00011111
00011111
00011111
00011110
00011111
00011111
00011111
00011111
00011111
00011111
00011111
00011110
00011111
00011111
00011111
00011111
00011111
00011111
00011111
00011100
00011111
00011111
00011111
00011111
00011111
00011111
00011111
00011111
00011111
00011111
00011111
00011111
00011111
00011111
00011111
00011111
00011111
00011111
00011111
00011111
00011111
00011111
00011111
00011110
00100111
10000110
01110111
01101100
01101110
10010010
01101001
01111001
00011111
00011110
00011111
00011111
00011110
00011110
00011101
00011101
00011111
00011111
00011111
00011111
00011111
00011111
00011111
00011111
00011111
00011101
00011100
00011110
00011110
00011101
00011100
00011110
00011111
00011111
00011111
00011111
00011111
00011111
00011111
00011111
00011110
00011100
00011111
00011111
00011101
00011010
00011010
00011101
00010111
01001101
01011000
00010011
00011110
00110000
00101100
00011110
00011000
01001001
10000010
00111111
00011111
00110000
00101111
00011100
00101101
00100010
00011111
00011111
00011111
00011111
00011111
00011111
00101101
00100010
00011111
00011111
00011111
00011111
00011111
00011111
00101101
00100010
00011111
00011111
00011111
00011111
00011111
00011111
00101101
00100010
00011111
00011111
00011111
00011111
00011111
00011111
00101101
00100010
00011111
00011111
00011111
00011111
00011111
00011111
00101101
00100010
00011111
00011111
00011111
00011111
00011111
00011111
00101101
00100010
00011111
00011111
00011111
00011111
00011111
00011111
00101101
00100010
00011111
00011111
00011111
00011111
00011111
00011111
00101101
00100010
00011111
00011111
00011111
00011111
00011111
00011111
00101101
00100010
00011111
00011111
00011111
00011111
00011111
00011111
00101101
00100010
00011111
00011111
00011111
00011111
00011111
00011111
00101101
00100010
00011111
00011111
00011111
00011111
00011111
00011111
00101101
00100010
00011111
00011111
00011111
00011111
00011111
00011111
00101101
00100010
00011111
00011111
00011111
00011111
00011111
00011111
00101101
00100010
00011111
00011111
00011111
00011111
00011111
00011111
00101101
00100010
00011111
00011111
00011111
00011111
00011111
00011111
00101101
00100010
00011111
00011111
00011111
00011111
00011111
00011111
00101101
00100010
00011111
00011111
00011111
00011111
00011111
00011111
00101101
00100010
00011111
00011111
00011111
00011111
00011111
00011111
00101101
00100010
00011111
00011111
00011111
00011111
00011111
00011111
00111111
10010001
10010010
01010100
00011111
00011111
00011101
00101111
00011101
00110000
01001011
00011101
00011111
00011110
00110000
00101011
00100000
00011111
00011111
00011111
00011111
00011111
00011111
00011111
00101101
00100010
00011111
00011111
00011111
00011111
00011111
00011111
00110110
01000011
10000001
00011010
00111001
10010111
01000100
00100110
00011011
01000011
01111110
00011011
00011110
00101011
00011110
00011110
00011111
00011111
00011111
00011111
00011111
00011111
00011111
00011111
00011110
00011100
00011101
00011101
00101100
00101111
00011011
00011111
00011111
00011111
00011111
00011111
00011111
00011111
00011111
00011111
00011011
00011100
00011010
00011101
00011100
00011010
00011011
00011110
10000101
10010001
10010111
01011000
10001001
00101000
00011010
00011011
00100110
00101010
00110001
00011110
00011111
00011111
00011111
00011101
00011111
00011111
00011111
00011111
00011111
00011111
00011111
00011111
00011111
00011111
00011111
00011111
00011111
00011111
00011111
00011111
00011111
00011111
00011111
00011111
00011111
00011111
00011110
00101001
00011111
00011111
00011111
00011111
00011111
00011111
00011011
01000000
00011111
00011111
00011111
00011111
00011111
00011111
00011111
00101110
00011111
00011111
00011111
00011111
00011111
00011111
00011111
00101110
00011111
00011111
00011111
00011111
00011111
00011111
00011111
00101110
00011111
00011111
00011111
00011111
00011111
00011111
00011111
00101110
00011111
00011111
00011111
00011111
00011111
00011111
00011111
00101110
00011111
00011111
00011111
00011111
00011111
00011111
00011111
00101110
00011111
00011111
00011111
00011111
00011111
00011111
00011111
00101110
00011111
00011111
00011111
00011111
00011111
00011111
00011111
00101110
00011111
00011111
00011111
00011111
00011111
00011111
00011111
00101110
00011111
00011111
00011111
00011111
00011111
00011111
00011111
00101110
00011111
00011111
00011111
00011111
00011111
00011111
00011111
00101110
00011111
00011111
00011111
00011111
00011111
00011111
00011111
00101110
00011111
00011111
00011111
00011111
00011111
00011111
00011110
00100000
00011111
00011111
00011111
00011111
00011111
00011111
00011111
00011111
00011111
00011111
00011111
00011111
00011111
00011111
00011111
00011110
00011111
00011111
00011111
00011111
00011111
00011111
00011111
00101110
01110000
00100100
01000001
01100101
01111000
10010100
10001000
00101111
00011111
00011111
00011111
00011111
00011111
00011111
00011111
00011111
00011111
00011111
00011111
00011111
00011111
00011111
00011111
00011111
00011111
00011111
00011111
00011111
00011111
00011111
00011111
00011010
10001000
01111110
10100000
01000100
01111000
01101101
00010111
00011111
00011111
00011101
00011110
00011111
00011000
01100001
01101001
00100000
00011111
00011111
00011111
00011111
00011111
00011110
00011101
00011111
00011101
00011100
00011110
00011111
00011111
00011111
00011111
00011110
00011111
00011111
00011111
00011111
00011111
00011111
00011111
00011111
00011010
00011011
00011100
00011111
00011111
00011111
00011111
00011100
00111000
01110001
00010111
00100101
10001010
00011101
00100110
10101000
00100011
00110111
00100101
00011100
00110011
00101110
00011011
00111001
00011111
00011010
00011010
00011111
00011111
00011111
00011111
00011111
00011111
00011111
00011111
00011111
00011110
00011111
00011111
00011110
01001000
01001000
00101101
00011110
00011111
00011111
00011110
00101101
10011011
10001100
01010011
01000101
10011000
10010011
00110001
01110000
00100000
00011111
00011111
00011111
00011111
00011111
00011111
00011111
00100000
00011111
00011111
00011111
00011111
00011111
00011111
00011111
00100000
00011111
00011111
00011111
00011111
00011111
00011111
00011111
00100000
00011111
00011111
00011111
00011111
00011111
00011111
00011111
00100000
00011111
00011111
00011111
00011111
00011111
00011111
00011111
00100000
00011111
00011111
00011111
00011111
00011111
00011111
00011111
00100000
00011111
00011111
00011111
00011111
00011111
00011111
00011111
00100000
00011111
00011111
00011111
00011111
00011111
00011111
00011111
00100000
00011111
00011111
00011111
00011111
00011111
00011111
00011111
00100000
00011111
00011111
00011111
00011111
00011111
00011111
00011111
00100000
00011111
00011111
00011111
00011111
00011111
00011111
00011111
00100000
00011111
00011111
00011111
00011111
00011111
00011111
00011111
01101111
01110011
00101110
00011111
00011111
00011101
00101111
00111110
00011101
00011010
00011111
00011111
00011110
00011011
00011100
00011111
00011101
00011101
00011110
00011111
00011110
00011111
00011111
00011111
00100000
00011111
00011111
00011111
00011111
00011111
00011111
00011111
10010000
01100100
00011001
01111100
10111010
10010111
01000000
01010011
00011111
00011111
00011111
00011111
00011111
00011111
00011111
00011011
00011111
00011111
00011111
00011111
00011111
00011111
00011111
00011111
01010010
01000000
00011011
00011100
01111001
01010101
00011010
01111100
00011100
00011100
00011101
00011001
01110100
01001011
00011100
10100101
01011001
01010011
00111110
00011100
00011101
00011101
00011111
00011110
00011111
00011111
00011111
00011111
00011111
00011111
00011111
00011111
00011100
00011101
00011110
00011101
00011111
00011101
00011111
00011101
00011111
00011111
00011111
00011111
00011111
00011111
00011111
00011111
00011010
00011011
00011110
00011100
00011111
00011100
00011111
00011111
10000000
01110010
00100111
10000110
01010101
00011001
00011111
00011111
10010001
00101011
00100100
01111110
10010111
01101000
00110100
10001111
00011111
00011111
00011111
00011111
00011111
00011111
00011111
00011100
00011111
00011110
00011111
00011110
00011111
00011111
00011111
00011110
01010100
00110101
00011101
00111101
01000110
00101001
00110100
01001111
10010001
10010101
00101111
00011101
00011111
00011011
01000000
10010001
00011111
00011111
00011111
00011111
00011111
00011111
00011111
00011101
00011111
00011111
00011111
00011111
00011111
00011111
00011111
00011111
00011111
00011111
00011111
00011111
00011111
00011111
00011100
01011000
00011111
00011111
00011111
00011111
00011111
00100001
00101101
00011111
00011111
00011111
00011111
00011111
00011111
00100001
00101101
00011111
00011111
00011111
00011111
00011111
00011111
00100001
00101101
00011111
00011111
00011111
00011111
00011111
00011111
00100001
00101101
00011111
00011111
00011111
00011111
00011111
00011111
00100001
00101101
00011111
00011111
00011111
00011111
00011111
00011111
00011111
00011000
01001011
00011111
00011111
00011111
00011111
00011111
00011111
00011111
00011110
00011111
00011111
00011111
00011111
00011111
00011111
00011101
00011000
00011111
00011111
00011111
00011111
00011111
00100001
00101101
00011111
00010110
00110011
00111111
01000101
01011011
01000000
00101010
01100100
00011111
00011111
00011111
00011111
00011111
00011111
00011111
00011111
00011111
00011111
00011111
00011110
00011101
00011110
00011111
00011110
00011111
00011111
00011111
00011111
00011111
00011111
00011001
01110101
10010111
01110011
00110111
01101111
01111010
00101000
00110110
01010010
00011001
00011011
00011111
00011010
00011001
00011100
00011111
00011111
00011111
00011111
00011111
00011111
00011111
00011111
00011111
00011111
01001001
10000001
00110111
01110000
00100000
00011011
00111100
10011000
01101000
10010101
00101001
00011011
10001001
01110001
00011001
01000111
00011101
00011110
00011111
00011101
00100110
01010000
00011110
00011101
00011111
00011111
00011111
00011111
00011111
00011111
00011110
00011110
00011100
00011110
00011110
00011101
00011100
00011110
00011111
00011111
00011111
00011111
00011111
00011111
00011111
00011111
00011111
00011111
00011111
00011111
00011100
00011101
00011111
00011111
00011010
00011010
00011111
00011101
00111000
10001101
00100110
00011110
00011001
01110100
10100011
01000111
00011011
00011111
00011111
00011110
00110100
01001101
00011011
00011111
00011111
00011110
00011111
00011111
00011111
00011111
00011110
00011111
00011111
00011110
00011110
00011111
00011111
00011110
00111101
00101001
00111110
00110001
00011011
00100010
01010101
01000101
10100000
01100000
01001101
10011111
10001101
01011000
01011101
00100100
00011010
00011100
00011111
00011111
00011111
00011111
00011111
00011111
00011111
00011111
00011111
00011111
00011111
00011111
00011111
00011111
00111001
00011001
01000111
10010000
01110011
00100011
01100101
00101001
00011111
00011111
00011111
00011111
00011111
00011111
00011111
00011111
00011111
00011111
00011111
00011111
00011111
00011111
00011111
00011111
00011111
00011111
00011111
00011111
00011111
00011111
00011111
00011111
00011111
00011111
00011111
00011111
00011111
00011111
00011111
00011111
00011111
00011111
00011111
00011111
00011111
00011111
00011111
00011111
10100000
01110000
00011111
00011110
00011111
00011101
00011100
00011111
00011101
00011111
00011111
00011111
00011111
00011111
00011111
00011111
00011000
00011100
00011111
00011011
00011111
00011111
00011111
00011111
00011111
00011111
00011111
00011111
00011111
00011111
00011111
00011111
00111111
00011111
01100111
10101000
01100011
00101010
00110011
01100011
00011111
00011111
00011101
00011010
00011110
00011111
00011111
00011110
00011110
00011111
00011110
00011101
00011101
00011111
00011110
00011101
01000111
00011011
00011110
10001110
01001100
00100011
10100011
01101000
01010100
00110011
00101100
10001010
00011111
00100000
10001001
10100101
00011111
00011111
00011111
00101000
00100010
00011111
00011111
00011111
00011111
00011111
00011111
00011111
00011111
00011111
00011111
00011111
10011110
01011000
00011100
01111100
10010110
00110011
01100001
10010100
01001010
00011100
00011011
10000001
00111100
00011110
10100111
01100011
00011101
00011111
00011111
00011101
00011101
00011111
00011111
00011101
00011111
00011111
00011111
00011111
00011111
00011111
00011111
00011111
00011111
00011100
00110100
00100100
00011010
00111011
00101100
00011010
00011111
00011111
00011111
00011111
00011111
00011111
00011111
00011111
00011010
00011101
00011100
00011110
00010111
10001000
10011100
10100011
01000110
01001011
01110000
00101101
01111011
00011010
00011111
00011111
00100010
00100011
00101001
00110100
00100001
00011111
00011111
00011111
00011111
00011111
00011111
00011010
00011101
00011110
00011011
00011011
00011110
00011111
00011011
00111110
00110001
00011101
00011111
00011111
01010100
00011101
01000011
01000001
00100111
00111110
01001011
00111100
01011111
01101010
10001110
01101111
01110000
00011010
00011111
00011111
00011111
00011111
00011111
00011111
00011111
00011110
00101011
00101000
00011111
00011111
00011111
00011111
00011111
00011111
00011111
00011111
00011110
00011111
00011111
00011111
00011101
00101011
10000100
10001100
00011111
00011111
00011111
00011111
00011110
00111010
01010011
01010110
00011111
00011111
00011111
00011111
00011111
00011100
00111010
10000010
00011111
00011111
00011111
00011111
00011111
00011111
00011111
00011111
00011111
00011111
00011111
00011111
00011101
00110011
01001101
01001101
00011111
00011111
00011111
00011110
00100100
00101011
00011110
00011111
00011100
00011100
00011010
00011000
00011011
00011000
01100011
01010011
00011111
00011111
00011111
00011111
00011111
00011111
00011111
00011111
00011111
00011110
00011011
00011111
00011111
00011110
00011000
00011001
00011111
00011111
00011111
00011111
00011111
00011000
10000000
00101100
00110110
00010101
01110011
10000011
00010011
00111101
01111100
10001000
00011111
00011111
00011111
00011111
00011111
00011111
00011111
00011111
00011111
00011111
00011101
00011101
00011110
00011111
00011111
00011111
10100100
01001000
10000001
00011010
00011010
01000010
10100000
10011010
01111001
00011010
00101101
10000000
00011001
00101111
01010001
01010111
00011111
00011111
00011111
00011111
00011111
00011110
00011010
00011010
00011111
00011111
00011111
00011111
00011111
00011111
00011111
00011111
01110111
00011010
01110111
10000010
00010110
00011111
00011111
00011111
10011001
00100101
00011011
00011100
00011101
00011110
00100010
10100011
00011100
00110001
01001101
00011100
00011110
00011111
00011101
00011101
00011111
00011111
00011111
00011111
00011111
00011111
00011111
00011111
00011111
00011110
00011100
00011101
00011111
00011111
00011111
00011111
00011111
00011111
00011111
00011111
00011111
00011111
00011111
00011111
01101011
00010101
00011010
00011011
00011111
00011010
10010100
01100011
00011111
00011010
01001100
10100000
00011001
00011111
00011111
00011111
00011110
00100111
00101100
00110011
00011101
00101001
00111010
00100011
00011110
00011111
00011011
00011110
00011111
00011111
00011001
00011011
00011111
00011111
00011111
00011111
00011111
00011101
01000111
01001000
00100111
00011110
00011111
00011110
00100111
01001110
00111000
01001100
00011010
01010111
10011000
00101101
00100110
10001100
10011011
01110010
00011110
00011110
00011011
00011111
00011111
00011111
00011111
00011111
00011111
00011111
00011111
00011111
00011111
00011111
00011111
00011111
00101100
01001011
10010110
01110000
00100110
10000000
10010111
01110111
00110110
00011110
00011111
00011101
00110000
01000000
01000011
00111101
01011000
00011100
00011111
00011111
00011110
00011110
00011111
00011110
00011111
00011111
00011111
00011111
00011111
00011111
00011111
00011111
00101111
00011111
00110101
00011111
00011111
00011111
00011111
00011111
00011111
00011111
00011111
00011111
00011111
00011111
00011111
00011111
00011000
00101011
01011010
00010110
00011110
00011011
00010111
00011100
00011111
00011111
00011111
00011111
00011111
00011111
00011111
00011111
00011111
00011011
00011100
00011010
00011110
00011011
00010111
00011011
00011010
00011111
00101110
00100001
00111001
10011011
10010011
10010000
00101110
01001011
01110111
00011000
00100100
01001010
01100011
00111111
00011111
00011111
00011100
00011110
00011111
00011111
00011111
00011111
00011111
00011111
00011110
00011111
00011111
00011111
00011111
00011111
00111010
00101011
10100011
01111100
00110110
10010001
10000011
01100011
01001010
00010110
01101011
10001110
00110010
00011101
00011111
00011111
00011110
00011101
00011001
00011101
00011111
00011111
00011111
00011111
00011111
00011111
00011111
00011111
00011111
00011111
00011111
00011111
00011111
00011001
10011101
01100000
00011000
00011011
00111110
01111111
00100110
00011110
00011111
00011111
00011111
00011111
00011111
00011111
00011111
00011111
00011101
00011101
00011110
00011110
00011101
00011101
00011111
00011101
00011011
00011100
00011111
00011111
00011111
00011111
00100011
01001001
01001010
00100100
00101010
01001110
01000001
00011111
00011111
00011111
00011111
00011111
00011111
00011111
00011111
00011111
00011000
00011100
00011011
00011110
00011101
00011011
00011100
00011000
00011111
00011111
00011111
00011111
00011111
00011111
00011111
00011111
00100011
00101101
00110110
00100000
00011110
00110101
00111000
00101011
00011110
00011100
00011111
00011111
00011111
00011111
00011111
00011111
00011100
00011111
00011101
00011100
00011111
00011111
00011111
00011111
00011111
01000001
01001010
00011111
01000010
01001001
00111100
00100100
00011100
00011111
00011111
00011001
01100100
10100010
10101101
01000110
00011111
00011100
00101000
00100101
00011101
00011011
00011011
00011111
00011111
00011110
00011101
00100000
00011111
00011111
00011111
00011111
00110000
10000100
10001111
01000010
00011100
00011111
00011110
00100001
00110110
01010110
01000111
01000100
00100111
01001111
00110000
00100001
00011110
00011101
00011100
00011110
00011000
01110111
01010000
00011001
00011111
00011111
00011111
00011111
00011111
00011111
00011111
00011111
00011101
00110111
01010001
00101010
00100011
01001101
00111101
00011101
00011111
00011111
00011111
00011110
00101001
10001001
00111001
00100001
00011100
00111000
10101110
00100110
01001010
10001110
10010011
00101001
00011111
00011111
00011111
00011111
00011111
00011111
00011111
00011111
00011111
00011111
00011111
00011111
00011111
00011011
00011101
00011111
01001011
01110001
00010101
00011111
00010101
01100100
01010010
00010011
00011000
00111100
01111110
00010011
01001001
10000101
10001100
00101010
00011111
00011111
00011111
00011111
00011111
00011111
00011111
00011111
00011111
00011111
00011111
00011111
00011110
00011110
00011110
00011111
00011010
10011110
01010011
00011001
00011111
00011111
00011111
00011110
00011111
00011111
00011111
00011111
00011111
00011111
00011111
00011111
00011111
00011111
00011111
00011111
00011111
00011111
00011111
00011111
00011111
00011111
00011111
00011111
00011111
00011111
00011111
00011111
01000101
01010111
00111001
01011010
00011010
00011111
00011111
00011111
00011111
00011111
00011111
00011111
00011111
00011111
00011111
00011111
00110001
01001000
00011011
00011111
00011110
00011101
00011101
00011100
00011111
00011111
00011111
00011111
00011111
00011111
00011111
00011111
00011101
00011110
00011101
00011111
01000011
01001111
00101010
00100100
00011111
00011111
00011111
00011111
00011111
00011111
00011111
00011111
01100000
10010010
00011010
00011111
00011110
00011011
00011111
00011111
00011111
00011111
00011111
00011111
00011111
00011111
00011111
00011111
00100000
00111001
00100101
00011001
01000111
10101000
00011110
00111001
00011100
00011100
00011011
00011111
00011010
00011101
00011111
00011111
00011111
00011111
00011111
00011110
01001000
00100101
00011110
00011111
01001001
00100100
00011101
00011111
00011111
00011111
00011111
00011110
01100111
10100100
01111111
00110101
10100000
10101111
01101011
00110010
00011110
00100111
00110100
00011111
00011011
00011100
00011100
00100010
00011111
00011110
00100100
00011111
00011111
00011111
00011111
00100000
01110011
10010010
01111100
00111011
01011010
00100100
01011100
00011110
01001000
01010001
00111001
00100110
01001100
01001000
01000101
00011101
00100110
00101101
00011011
00011111
00011110
00011100
00011110
00011110
00011111
00011111
00011111
00011111
00011111
00011111
00011111
00011111
01000110
01001110
01001010
00100001
00111011
01010001
00101010
00011101
00011110
00011001
00011001
01010001
10001010
10010110
01111111
01011110
01001111
10011111
00101001
00011110
10001110
10000111
01100010
00011010
00011111
00011111
00011111
00011111
00011111
00011111
00011111
00011111
00011111
00011111
00011111
00011111
00011111
00011111
00011111
00011111
01010011
01110101
00001101
01000011
10101010
01111011
01101010
00101101
00011011
10101000
01001000
00011011
00011111
00011111
00011111
00011111
00011111
00011111
00011111
00011111
00011111
00011111
00011111
00011111
00011110
00011110
00011110
00011111
00011111
00011110
00011111
00011111
00100111
10010111
00111000
00011100
00011001
01100110
01011000
01010110
00011111
00011111
00011111
00011111
00011111
00011111
00011111
00011111
00011111
00011111
00011111
00011111
00011111
00011111
00011111
00011111
00011111
00011111
00011111
00011111
00011111
00011111
00011111
00011111
00011100
10100010
01001001
00011010
00011111
00011111
00011111
00011111
00011111
00011111
00011111
00011111
00011111
00011111
00011111
00011111
01001110
01001110
01010101
00011011
10000001
01001000
00011010
00011111
00011111
00011111
00011111
00011111
00011101
00011111
00011111
00011111
01001010
01001000
00100010
00011111
00011111
00011111
00011110
00011100
00011111
00011111
00011111
00011111
00011111
00011111
00011111
00011111
00011111
00011111
00011111
00011111
00011111
00011111
00011111
00011111
00011111
00011111
00011111
00011111
00011111
00011111
00011111
00011111
01111000
10001010
00110101
01010000
10000011
10000100
00100010
00110101
00011111
00011111
00011111
00011111
00011111
00011111
00011111
00011111
00011111
00011111
00011111
00011111
00011111
00011111
00011111
00011111
01001011
00111011
00100101
01000010
00100011
00111111
00110000
01001111
10011110
10110100
01111110
01010000
10100010
10001100
00011111
01101010
00101011
00011100
00011111
00011111
00011111
00011111
00011111
00011111
00011111
00011101
00011111
00011111
00011111
00011111
00011111
00011111
00011111
00011111
00011011
01100100
00111100
00011011
00100011
10000000
00011111
00011111
00100000
01000000
01010101
00111101
00100110
01010110
00100111
10010101
00101101
00011100
00101001
00111110
00101000
01011010
00011111
00011101
00011111
00011111
00011111
00011111
00011111
00011111
00011111
00011111
00011111
00011110
00111101
00101000
00011110
00011011
01110111
00011111
00111101
00010000
01100011
01000000
00010010
01011111
10100011
01010001
00011010
00011111
00011111
00011111
00011111
00011111
00011111
00011111
00011111
00011111
00011111
00011111
00011111
00011111
00011011
00011111
00011111
00011111
00011010
00011110
00011111
00011111
10110101
00101001
00011101
00011111
00011111
00011111
00011111
00100010
00011111
00011111
00011111
00011111
00011111
00011111
00011111
00011111
00011111
00011111
00011111
00011111
00011111
00011111
00011111
00011111
00011111
00011111
00011111
00011111
00011111
00011111
00011111
00011111
01010110
01010101
01101011
00011001
00011111
00011111
00011111
00010111
00011111
00011111
00011111
00011111
00011111
00011111
00011111
00011111
00011111
00011111
00011111
00011111
00011111
00011111
00011111
00011111
00011111
00011111
00011111
00011111
00011111
00011111
00011111
00011111
00011111
00011111
00011111
00011111
00011111
00011111
00011111
00011111
00011111
00011111
00011111
00011111
00011111
00011111
00011111
00011111
00011111
00011111
00011111
00011111
00011111
00011111
00011111
00011111
00011111
00011111
00011111
00011111
00011111
00011111
00011111
00011111
00011100
00011100
00011111
00011101
00011100
00011110
00011111
00111000
00011111
00011111
00011111
00011111
00011111
00011111
00011111
00011111
00011111
00011111
00011111
00011111
00011111
00011111
00011111
00011111
00011111
00011111
00011111
00011111
00011111
00011111
00011111
00011111
10110010
00101010
00011101
00100110
00101001
00011110
00011111
00011111
00011111
00011111
00011111
00011111
00011111
00011111
00011111
00011111
00011111
00011111
00011111
00011111
00011111
00011111
00011111
00011111
01000000
00110101
00011111
00011111
00011111
00011101
01000110
00111100
10000101
00010010
00111110
01111100
01100010
01011101
00010101
01000000
00011111
00011111
00011111
00011111
00011111
00011111
00011111
00011111
00011111
00011111
00011111
00011111
00011111
00011111
00011111
00011111
10010100
01110111
01001000
01010100
00110000
01010111
01111111
10011100
01001000
01001001
00101011
01001101
01001010
00111100
00011101
00011111
01010111
01010110
00011001
00111000
10101000
01001101
00011001
00110000
00011111
00011111
00011111
00011111
00011101
00011110
00011111
00011111
00011011
00011100
00011111
00011111
00011111
00011110
00100100
00110110
01011000
00001000
01011101
10100100
10010000
01111110
01000000
10101100
00011111
00011111
00011111
00011111
00011111
00011111
00011111
00011111
00011111
00011111
00011111
00011111
00011111
00011111
00011111
00011111
00011111
00011111
00011111
00011111
00011111
00011111
00011111
00011111
00101101
00011111
00011110
00101000
10001011
00011110
01110000
00111010
00011111
00011111
00011111
00011111
00011111
00011111
00011111
00011111
00011111
00011111
00011111
00011111
00011111
00011111
00011111
00011111
00011111
00011111
00011111
00011111
00011111
00011111
00011111
00011111
10011010
01010011
00011010
00011111
00011111
00011111
00011111
00011111
00011111
00011111
00011111
00011111
00011111
00011111
00011111
00011111
00011111
00011111
00011111
00011111
00011111
00011111
00011111
00011111
00011111
00011111
00011111
00011111
00011111
00011111
00011111
00011111
00011111
00011111
00011111
00011111
00011111
00011111
00011111
00011111
00011111
00011111
00011111
00011111
00011111
00011111
00011111
00011111
00011111
00011111
00011111
00011111
00011111
00011111
00011111
00011111
00011111
00011111
00011111
00011111
00011111
00011111
00011111
00011111
00011101
00011110
00011110
00011101
00011100
00011110
00100100
01000000
00011111
00011111
00011111
00011111
00011111
00011111
00011111
00011111
00011111
00011111
00011111
00011111
00011111
00011111
00011111
00011111
00011111
00011111
00011111
00011111
00011111
00011111
00011111
00011111
00011111
00011111
00011111
00011111
00011111
00011111
00011111
00011111
00011111
00011111
00011111
00011111
00011111
00011111
00011111
00011111
00011111
00011111
00011111
00011111
00011111
00011111
00011111
00011111
01001000
00110110
00110100
01000111
01000100
00101010
01010001
00110100
10101010
00011100
00100011
10001110
00110111
00011101
00011111
00011111
00011111
00011111
00011111
00011111
00011111
00011111
00011111
00011111
00011111
00011111
00011111
00011111
00011111
00011111
00011111
00011111
10100100
01100011
01001000
10011000
10001000
00100000
01010010
10100100
00011111
00011101
01000011
01001000
01001111
00100100
00100000
01000100
00101110
00011110
00011111
00011110
00011111
00011111
00100001
00100000
00011111
00011111
00011111
00011111
00011111
00011111
00011111
00011111
00011110
00011111
00100000
00111111
00100101
00011110
00011111
00011111
00011100
00011111
00011101
00011101
00011100
00011111
00011110
00011001
00011111
00011111
00011111
00011111
00011111
00011111
00011111
00011111
00011111
00011111
00011111
00011111
00011111
00011111
00011111
00011111
00011111
00011111
00011111
00011111
00011111
00011111
00011111
00011111
01101100
01010011
00011010
00011111
00011111
00011111
00010110
01111110
00011111
00011111
00011111
00011111
00011111
00011111
00011111
00011111
00011111
00011111
00011111
00011111
00011111
00011111
00011111
00011111
00011111
00011111
00011111
00011111
00011111
00011111
00011111
00011111
00011111
00011111
00011111
00011111
00011111
00011111
00011111
00011111
00011111
00011111
00011111
00011111
00011111
00011111
00011111
00011111
00011111
00011111
00011111
00011111
00011111
00011111
00011111
00011111
00011111
00011111
00011111
00011111
00011111
00011111
00011111
00011111
00011111
00011111
00011111
00011111
00011111
00011111
00011111
00011111
00011111
00011111
00011111
00011111
00011111
00011111
00011111
00011111
00011111
00011111
00011111
00011111
00011111
00011111
00011111
00011111
00011111
00011111
00011111
00011111
00011111
00011111
00011111
00011111
00011111
00011110
00011101
00011110
00011110
00011111
00011111
00011111
00011111
00011111
00011111
00011111
00011111
00011111
00011111
00011111
00011111
00011111
00011111
00011111
00011111
00011111
00011111
00011111
00011111
00011111
00011111
00011111
00011111
00011111
00011111
00011111
00011111
00011111
00011111
00011111
00011111
00011111
00011111
00011111
00011111
00011111
00011111
00011111
00011111
00011111
00011111
00011111
00011111
00011111
00011111
00011111
00011111
00011111
00011111
00011111
01010000
00100000
00011111
00011111
00011110
00101110
00111011
01010010
00011111
00011111
00011111
00011111
00011111
00011111
00011111
00011111
00011111
00011111
00011111
00011111
00011111
00011111
00011111
00011111
00011111
00011111
00011111
00011111
00011111
00011111
00011111
00011111
00011001
00101101
01110111
01111110
00111000
00010100
10001000
01101110
00011110
00101110
01001101
01001011
00111010
01001111
01010111
01010110
00011110
00011111
00011111
00011100
00011111
00011101
00011101
00011101
00011111
00011111
00011111
00011111
00011111
00011111
00011111
00011111
00011111
00011111
00011111
00011111
00011111
00011111
00011111
00011111
00011111
00011111
00011111
00011111
00011111
00011110
00011100
00011100
00011111
00011111
00011111
00011111
00011111
00011111
00011111
00011111
00011111
00011111
00011111
00011111
00011111
00011111
00011111
00011111
00011111
00011111
00011111
00011111
00011111
00011111
00011111
00011111
01011000
00011001
00011111
00011111
00011111
00011111
00011111
00011111
00011111
00011111
00011111
00011111
00011111
00011111
00011111
00011111
00011111
00011111
00011111
00011111
00011111
00011111
00011111
00011111
00011111
00011111
00011111
00011111
00011111
00011111
00011111
00011111
00011111
00011111
00011111
00011111
00011111
00011111
00011111
00011111
00011111
00011111
00011111
00011111
00011111
00011111
00011111
00011111
00011111
00011111
00011111
00011111
00011111
00011111
00011111
00011111
00011111
00011111
00011111
00011111
00011111
00011111
00011111
00011111
00011111
00011111
00011111
00011111
00011111
00011111
00011111
00011111
00011111
00011111
00011111
00011111
00011111
00011111
00011111
00011111
00011111
00011111
00011111
00011111
00011111
00011111
00011111
00011111
00011111
00011111
00011111
00011111
00011111
00011111
00011111
00011111
00011111
00011111
00011111
00011111
00011111
00011111
00011111
00011111
00011111
00011111
00011111
00011111
00011111
00011111
00011111
00011111
00011111
00011111
00011111
00011111
00011111
00011111
00011111
00011111
00011111
00011111
00011111
00011111
00011111
00011111
00011111
00011111
00011111
00011111
00011111
00011111
00011111
00011111
00011111
00011111
00011111
00011111
00011111
00011111
00011111
00011111
00011111
00011111
00011111
00011111
00011111
00011111
00011111
00011111
00011111
00011111
00101000
01001100
00111110
01010011
00101011
01001001
00111011
01000011
00011111
00011111
00011111
00011111
00011111
00011111
00011111
00011111
00011111
00011111
00011111
00011111
00011111
00011111
00011111
00011111
00011111
00011111
00011111
00011111
00011111
00011111
00011111
00011111
00010110
00101101
01111110
00100110
00011110
00011111
00011111
00011111
00111011
01000111
01000111
01001010
00101011
01011000
01001001
01000010
00011110
00011110
00011100
00011110
00011101
00101101
00100101
00011100
00011111
00011111
00011111
00011111
00011111
00011111
00011111
00011111
00011111
00011111
00011111
00011111
00011111
00011111
00011111
00011111
00011111
00011000
01110000
10000010
00010111
00011111
00011111
00011111
00011111
00011111
00011111
00011111
00011111
00011111
00011111
00011111
00011111
00011111
00011111
00011111
00011111
00011111
00011111
00011111
00011111
00011111
00011111
00011111
00011111
00011111
00011111
00011111
00011111
00011111
00011111
00011111
00011111
00011111
00011111
00011111
00011111
00011111
00011111
00011111
00011111
00011111
00011111
00011111
00011111
00011111
00011111
00011111
00011111
00011111
00011111
00011111
00011111
00011111
00011111
00011111
00011111
00011111
00011111
00011111
00011111
00011111
00011111
00011111
00011111
00011111
00011111
00011111
00011111
00011111
00011111
00011111
00011111
00011111
00011111
00011111
00011111
00011111
00011111
00011111
00011111
00011111
00011111
00011111
00011111
00011111
00011111
00011111
00011111
00011111
00011111
00011111
00011111
00011111
00011111
00011111
00011111
00011111
00011111
00011111
00011111
00011111
00011111
00011111
00011111
00011111
00011111
00011111
00011111
00011111
00011111
00011111
00011111
00011111
00011111
00011111
00011111
00011111
00011111
00011111
00011111
00011111
00011111
00011111
00011111
00011111
00011111
00011111
00011111
00011111
00011111
00011111
00011111
00011111
00011111
00011111
00011111
00011111
00011111
00011111
00011111
00011111
00011111
00011111
00011111
00011111
00011111
00011111
00011111
00011111
00011111
00011111
00011111
00011111
00011111
00011111
00011111
00011111
00011111
00011111
00011111
00011111
00011111
00011111
00011111
00011111
00011111
00011111
00011111
00011111
00011111
00011111
00011111
00011111
00011111
00011111
00011111
00011111
00011111
00011111
01000100
00111110
00111101
01000011
01001110
01000110
01010111
00100101
00011111
00011111
00011111
00011111
00011111
00011111
00011111
00011111
00011111
00011111
00011111
00011111
00011111
00011111
00011111
00011111
00011111
00011111
00011111
00011111
00011111
00011111
00011111
00011111
00011111
00011111
00011111
00011111
00011111
00011111
00011111
00011111
00110011
01011000
01000010
00101010
00011110
00011111
00011110
00100101
00011110
00011101
00011100
00011110
00011110
10001001
00111000
00011011
00011111
00011111
00011111
00011111
00011111
00011111
00011111
00011111
00011111
00011111
00011111
00011111
00011111
00011111
00011111
00011111
00011111
00011111
00011111
00011111
00011111
00011111
00011111
00011111
00011111
00011111
00011111
00011111
00011111
00011111
00011111
00011111
00011111
00011111
00011111
00011111
00011111
00011111
00011111
00011111
00011111
00011111
00011111
00011111
00011111
00011111
00011111
00011111
00011111
00011111
00011111
00011111
00011111
00011111
00011111
00011111
00011111
00011111
00011111
00011111
00011111
00011111
00011111
00011111
00011111
00011111
00011111
00011111
00011111
00011111
00011111
00011111
00011111
00011111
00011111
00011111
00011111
00011111
00011111
00011111
00011111
00011111
00011111
00011111
00011111
00011111
00011111
00011111
00011111
00011111
00011111
00011111
00011111
00011111
00011111
00011111
00011111
00011111
00011111
00011111
00011111
00011111
00011111
00011111
00011111
00011111
00011111
00011111
00011111
00011111
00011111
00011111
00011111
00011111
00011111
00011111
00011111
00011111
00011111
00011111
00011111
00011111
00011111
00011111
00011111
00011111
00011111
00011111
00011111
00011111
00011111
00011111
00011111
00011111
00011111
00011111
00011111
00011111
00011111
00011111
00011111
00011111
00011111
00011111
00011111
00011111
00011111
00011111
00011111
00011111
00011111
00011111
00011111
00011111
00011111
00011111
00011111
00011111
00011111
00011111
00011111
00011111
00011111
00011111
00011111
00011111
00011111
00011111
00011111
00011111
00011111
00011111
00011111
00011111
00011111
00011111
00011111
00011111
00011111
00011111
00011111
00011111
00011111
00011111
00011111
00011111
00011111
00011111
00011111
00011111
00011111
00011111
00011111
00011111
00011111
00011111
00011111
00011111
00011111
00011111
00110111
01001001
00101010
00101110
01000010
00011100
00011101
00101000
00011111
00011111
00011111
00011111
00011111
00011111
00011111
00011111
00011111
00011111
00011111
00011111
00011111
00011111
00011111
00011111
00011111
00011111
00011111
00011111
00011111
00011111
00011111
00011111
00011111
00011111
00011111
00011111
00011111
00011111
00011111
00011111
01001101
01000100
01001001
00110111
01011101
01010111
00111010
00011101
00011101
00011111
00011101
00011010
10011101
10111101
00110101
00011011
00011111
00011111
00011111
00011111
00011101
00011011
00011110
00011111
00011111
00011111
00011111
00011111
00011111
00011111
00011111
00011111
00011111
00011111
00011111
00011111
00011111
00011111
00011111
00011111
00011111
00011111
00011111
00011111
00011111
00011111
00011111
00011111
00011111
00011111
00011111
00011111
00011111
00011111
00011111
00011111
00011111
00011111
00011111
00011111
00011111
00011111
00011111
00011111
00011111
00011111
00011111
00011111
00011111
00011111
00011111
00011111
00011111
00011111
00011111
00011111
00011111
00011111
00011111
00011111
00011111
00011111
00011111
00011111
00011111
00011111
00011111
00011111
00011111
00011111
00011111
00011111
00011111
00011111
00011111
00011111
00011111
00011111
00011111
00011111
00011111
00011111
00011111
00011111
00011111
00011111
00011111
00011111
00011111
00011111
00011111
00011111
00011111
00011111
00011111
00011111
00011111
00011111
00011111
00011111
00011111
00011111
00011111
00011111
00011111
00011111
00011111
00011111
00011111
00011111
00011111
00011111
00011111
00011111
00011111
00011111
00011111
00011111
00011111
00011111
00011111
00011111
00011111
00011111
00011111
00011111
00011111
00011111
00011111
00011111
00011111
00011111
00011111
00011111
00011111
00011111
00011111
00011111
00011111
00011111
00011111
00011111
00011111
00011111
00011111
00011111
00011111
00011111
00011111
00011111
00011111
00011111
00011111
00011111
00011111
00011111
00011111
00011111
00011111
00011111
00011111
00011111
00011111
00011111
00011111
00011111
00011111
00011111
00011111
00011111
00011111
00011111
00011111
00011111
00011111
00011111
00011111
00011111
00011111
00011111
00011111
00011111
00011111
00011111
00011111
00011111
00011111
00011111
00011111
00011111
00011111
00011111
00011111
00011111
00011111
00011111
01001010
00111111
00100000
00111001
01000111
01000100
00100000
00011111
00011111
00011111
00011111
00011111
00011111
00011111
00011111
00011111
00011111
00011111
00011111
00011111
00011111
00011111
00011111
00011111
00011111
00011111
00011111
00011111
00011111
00011111
00011111
00011111
00011111
00011111
00011111
00011111
00011111
00011111
00011111
00011111
00011111
00011111
00100001
01000110
01010010
00111010
00101010
01010111
00011101
00011100
00011111
00011110
00011100
00011110
00011110
00011110
00011111
00011111
00011111
00011111
00011111
00011111
00011111
00011111
00011111
00011111
00011111
00011111
00011111
00011111
00011111
00011111
00011111
00011111
00011111
00011111
00011111
00011111
00011111
00011111
00011111
00011111
00011111
00011111
00011111
00011111
00011111
00011111
00011111
00011111
00011111
00011111
00011111
00011111
00011111
00011111
00011111
00011111
00011111
00011111
00011111
00011111
00011111
00011111
00011111
00011111
00011111
00011111
00011111
00011111
00011111
00011111
00011111
00011111
00011111
00011111
00011111
00011111
00011111
00011111
00011111
00011111
00011111
00011111
00011111
00011111
00011111
00011111
00011111
00011111
00011111
00011111
00011111
00011111
00011111
00011111
00011111
00011111
00011111
00011111
00011111
00011111
00011111
00011111
00011111
00011111
00011111
00011111
00011111
00011111
00011111
00011111
00011111
00011111
00011111
00011111
00011111
00011111
00011111
00011111
00011111
00011111
00011111
00011111
00011111
00011111
00011111
00011111
00011111
00011111
00011111
00011111
00011111
00011111
00011111
00011111
00011111
00011111
00011111
00011111
00011111
00011111
00011111
00011111
00011111
00011111
00011111
00011111
00011111
00011111
00011111
00011111
00011111
00011111
00011111
00011111
00011111
00011111
00011111
00011111
00011111
00011111
00011111
00011111
00011111
00011111
00011111
00011111
00011111
00011111
00011111
00011111
00011111
00011111
00011111
00011111
00011111
00011111
00011111
00011111
00011111
00011111
00011111
00011111
00011111
00011111
00011111
00011111
00011111
00011111
00011111
00011111
00011111
00011111
00011111
00011111
00011111
00011111
00011111
00011111
00011111
00011111
00011111
00011111
00011111
00011111
00011111
00011111
00011111
00011111
00011111
00011111
00011111
00011111
00011111
00011111
00011111
00011111
00011111
00011111
00011111
00011111
00011111
00011111
00011111
00011111
00011111
00011111
00011111
00011111
00011111
00011111
00011111
00011111
00011111
00011111
00011111
00011111
00011111
00011111
00011111
00011111
00011111
00011111
00011111
00011111
00011111
00011111
00011111
00011111
00011111
00011111
00011111
00011111
00011111
00011111
01001000
01000011
00101111
01001101
01001100
00110110
00011101
00011111
00011111
00011101
00100010
01000011
00111010
00011101
00100111
01000110
00011111
00011111
00011111
00011111
00011111
00011111
00011111
00011111
00011111
00011111
00011111
00011111
00011111
00011111
00011111
00011111
00011111
00011111
00011111
00011111
00011111
00011111
00011111
00011111
00011111
00011111
00011111
00011111
00011111
00011111
00011111
00011111
00011111
00011111
00011111
00011111
00011111
00011111
00011111
00011111
00011111
00011111
00011111
00011111
00011111
00011111
00011111
00011111
00011111
00011111
00011111
00011111
00011111
00011111
00011111
00011111
00011111
00011111
00011111
00011111
00011111
00011111
00011111
00011111
00011111
00011111
00011111
00011111
00011111
00011111
00011111
00011111
00011111
00011111
00011111
00011111
00011111
00011111
00011111
00011111
00011111
00011111
00011111
00011111
00011111
00011111
00011111
00011111
00011111
00011111
00011111
00011111
00011111
00011111
00011111
00011111
00011111
00011111
00011111
00011111
00011111
00011111
00011111
00011111
00011111
00011111
00011111
00011111
00011111
00011111
00011111
00011111
00011111
00011111
00011111
00011111
00011111
00011111
00011111
00011111
00011111
00011111
00011111
00011111
00011111
00011111
00011111
00011111
00011111
00011111
00011111
00011111
00011111
00011111
00011111
00011111
00011111
00011111
00011111
00011111
00011111
00011111
00011111
00011111
00011111
00011111
00011111
00011111
00011111
00011111
00011111
00011111
00011111
00011111
00011111
00011111
00011111
00011111
00011111
00011111
00011111
00011111
00011111
00011111
00011111
00011111
00011111
00011111
00011111
00011111
00011111
00011111
00011111
00011111
00011111
00011111
00011111
00011111
00011111
00011111
00011111
00011111
00011111
00011111
00011111
00011111
00011111
00011111
00011111
00011111
00011111
00011111
00011111
00011111
00011111
00011111
00011111
00011111
00011111
00011111
00011111
00011111
00011111
00011111
00011111
00011111
00011111
00011111
00011111
00011111
00011111
00011111
00011111
00011111
00011111
00011111
00011111
00011111
00011111
00011111
00011111
00011111
00011111
00011111
00011111
00011111
00011111
00011111
00011111
00011111
00011111
00011111
00011111
00011111
00011111
00011111
00011111
00011111
00011111
00011111
00011111
00011101
01000100
01010110
00111110
00100010
01001000
01000100
00101111
00011101
00011111
00011111
00011111
00011111
00011111
00011111
00011111
00011111
00011101
00011110
00011111
00011111
00011111
00011111
00011111
00011111
00011111
00011111
00011111
00011111
00011111
00011111
00011111
00011111
00011111
00011111
00011111
00011111
00011111
00011111
00011111
00011111
00011111
00011111
00011111
00011111
00011111
00011111
00011111
00011111
00011111
00011111
00011111
00011111
00011111
00011111
00011111
00011111
00011111
00011111
00011111
00011111
00011111
00011111
00011111
00011111
00011111
00011111
00011111
00011111
00011111
00011111
00011111
00011111
00011111
00011111
00011111
00011111
00011111
00011111
00011111
00011111
00011111
00011111
00011111
00011111
00011111
00011111
00011111
00011111
00011111
00011111
00011111
00011111
00011111
00011111
00011111
00011111
00011111
00011111
00011111
00011111
00011111
00011111
00011111
00011111
00011111
00011111
00011111
00011111
00011111
00011111
00011111
00011111
00011111
00011111
00011111
00011111
00011111
00011111
00011111
00011111
00011111
00011111
00011111
00011111
00011111
00011111
00011111
00011111
00011111
00011111
00011111
00011111
00011111
00011111
00011111
00011111
00011111
00011111
00011111
00011111
00011111
00011111
00011111
00011111
00011111
00011111
00011111
00011111
00011111
00011111
00011111
00011111
00011111
00011111
00011111
00011111
00011111
00011111
00011111
00011111
00011111
00011111
00011111
00011111
00011111
00011111
00011111
00011111
00011111
00011111
00011111
00011111
00011111
00011111
00011111
00011111
00011111
00011111
00011111
00011111
00011111
00011111
00011111
00011111
00011111
00011111
00011111
00011111
00011111
00011111
00011111
00011111
00011111
00011111
00011111
00011111
00011111
00011111
00011111
00011111
00011111
00011111
00011111
00011111
00011111
00011111
00011111
00011111
00011111
00011111
00011111
00011111
00011111
00011111
00011111
00011111
00011111
00011111
00011111
00011111
00011111
00011111
00011111
00011111
00011111
00011111
00011111
00011111
00011111
00011111
00011111
00011111
00011111
00011111
00011111
00011111
00011111
00011111
00011111
00011111
00011111
00011111
00011111
00011111
00011111
00011111
00011111
00011111
00011111
00011111
00011111
00011111
00011111
00011111
00110101
00101010
01010101
01010000
00100101
00011110
00011111
00011111
00011111
00011111
00011101
00011100
00011111
00011110
00011100
00011101
00011111
00011111
00011111
00011111
00011111
00011111
00011111
00011111
00011111
00011111
00011111
00011111
00011111
00011111
00011111
00011111
00011111
00011111
00011111
00011111
00011111
00011111
00011111
00011111
00011111
00011111
00011111
00011111
00011111
00011111
00011111
00011111
00011111
00011111
00011111
00011111
00011111
00011111
00011111
00011111
00011111
00011111
00011111
00011111
00011111
00011111
00011111
00011111
00011111
00011111
00011111
00011111
00011111
00011111
00011111
00011111
00011111
00011111
00011111
00011111
00011111
00011111
00011111
00011111
00011111
00011111
00011111
00011111
00011111
00011111
00011111
00011111
00011111
00011111
00011111
00011111
00011111
00011111
00011111
00011111
00011111
00011111
00011111
00011111
00011111
00011111
00011111
00011111
00011111
00011111
00011111
00011111
00011111
00011111
00011111
00011111
00011111
00011111
00011111
00011111
00011111
00011111
00011111
00011111
00011111
00011111
00011111
00011111
00011111
00011111
00011111
00011111
00011111
00011111
00011111
00011111
00011111
00011111
00011111
00011111
00011111
00011111
00011111
00011111
00011111
00011111
00011111
00011111
00011111
00011111
00011111
00011111
00011111
00011111
00011111
00011111
00011111
00011111
00011111
00011111
00011111
00011111
00011111
00011111
00011111
00011111
00011111
00011111
00011111
00011111
00011111
00011111
00011111
00011111
00011111
00011111
00011111
00011111
00011111
00011111
00011111
00011111
00011111
00011111
00011111
00011111
00011111
00011111
00011111
00011111
00011111
00011111
00011111
00011111
00011111
00011111
00011111
00011111
00011111
00011111
00011111
00011111
00011111
00011111
00011111
00011111
00011111
00011111
00011111
00011111
00011111
00011111
00011111
00011111
00011111
00011111
00011111
00011111
00011111
00011111
00011111
00011111
00011111
00011111
00011111
00011111
00011111
00011111
00011111
00011111
00011111
00011111
00011111
00011111
00011111
00011111
00011111
00011111
00011111
00011111
00011111
00011111
00011111
00011111
00011111
00011111
00011111
00011111
00011111
00011111
00011111
00011111
00011111
00011111
00011111
00011111
00011111
00011111
00011111
00011111
00100001
01010000
01000101
00101011
00110110
00110011
00101110
00111001
00100011
01110011
01100100
00011101
00100010
01000011
00111011
00011101
00011111
00011111
00011111
00011111
00011111
00011111
00011111
00011111
00011111
00011111
00011111
00011111
00011111
00011111
00011111
00011111
00011111
00011111
00011111
00011111
00011111
00011111
00011111
00011111
00011111
00011111
00011111
00011111
00011111
00011111
00011111
00011111
00011111
00011111
00011111
00011111
00011111
00011111
00011111
00011111
00011111
00011111
00011111
00011111
00011111
00011111
00011111
00011111
00011111
00011111
00011111
00011111
00011111
00011111
00011111
00011111
00011111
00011111
00011111
00011111
00011111
00011111
00011111
00011111
00011111
00011111
00011111
00011111
00011111
00011111
00011111
00011111
00011111
00011111
00011111
00011111
00011111
00011111
00011111
00011111
00011111
00011111
00011111
00011111
00011111
00011111
00011111
00011111
00011111
00011111
00011111
00011111
00011111
00011111
00011111
00011111
00011111
00011111
00011111
00011111
00011111
00011111
00011111
00011111
00011111
00011111
00011111
00011111
00011111
00011111
00011111
00011111
00011111
00011111
00011111
00011111
00011111
00011111
00011111
00011111
00011111
00011111
00011111
00011111
00011111
00011111
00011111
00011111
00011111
00011111
00011111
00011111
00011111
00011111
00011111
00011111
00011111
00011111
00011111
00011111
00011111
00011111
00011111
00011111
00011111
00011111
00011111
00011111
00011111
00011111
00011111
00011111
00011111
00011111
00011111
00011111
00011111
00011111
00011111
00011111
00011111
00011111
00011111
00011111
00011111
00011111
00011111
00011111
00011111
00011111
00011111
00011111
00011111
00011111
00011111
00011111
00011111
00011111
00011111
00011111
00011111
00011111
00011111
00011111
00011111
00011111
00011111
00011111
00011111
00011111
00011111
00011111
00011111
00011111
00011111
00011111
00011111
00011111
00011111
00011111
00011111
00011111
00011111
00011111
00011111
00011111
00011111
00011111
00011111
00011111
00011111
00011111
00011111
00011111
00011111
00011111
00011111
00011111
00011111
00011111
00011111
00011111
00011111
00011111
00011111
00011111
00011111
00011111
00011111
00011111
00011111
00011111
00011111
00011111
00011111
00011111
00011111
00011111
00011111
00011111
01000101
01001011
01001110
00110100
01010110
01011000
01010110
00101111
00100100
01000100
00110100
00010111
01010101
11000111
01110100
00010000
00011111
00011111
00011111
00011111
00011110
00011011
00011101
00011111
00011111
00011111
00011111
00011111
00011111
00011111
00011111
00011111
00011111
00011111
00011111
00011111
00011111
00011111
00011111
00011111
00011111
00011111
00011111
00011111
00011111
00011111
00011111
00011111
00011111
00011111
00011111
00011111
00011111
00011111
00011111
00011111
00011111
00011111
00011111
00011111
00011111
00011111
00011111
00011111
00011111
00011111
00011111
00011111
00011111
00011111
00011111
00011111
00011111
00011111
00011111
00011111
00011111
00011111
00011111
00011111
00011111
00011111
00011111
00011111
00011111
00011111
00011111
00011111
00011111
00011111
00011111
00011111
00011111
00011111
00011111
00011111
00011111
00011111
00011111
00011111
00011111
00011111
00011111
00011111
00011111
00011111
00011111
00011111
00011111
00011111
00011111
00011111
00011111
00011111
00011111
00011111
00011111
00011111
00011111
00011111
00011111
00011111
00011111
00011111
00011111
00011111
00011111
00011111
00011111
00011111
00011111
00011111
00011111
00011111
00011111
00011111
00011111
00011111
00011111
00011111
00011111
00011111
00011111
00011111
00011111
00011111
00011111
00011111
00011111
00011111
00011111
00011111
00011111
00011111
00011111
00011111
00011111
00011111
00011111
00011111
00011111
00011111
00011111
00011111
00011111
00011111
00011111
00011111
00011111
00011111
00011111
00011111
00011111
00011111
00011111
00011111
00011111
00011111
00011111
00011111
00011111
00011111
00011111
00011111
00011111
00011111
00011111
00011111
00011111
00011111
00011111
00011111
00011111
00011111
00011111
00011111
00011111
00011111
00011111
00011111
00011111
00011111
00011111
00011111
00011111
00011111
00011111
00011111
00011111
00011111
00011111
00011111
00011111
00011111
00011111
00011111
00011111
00011111
00011111
00011111
00011111
00011111
00011111
00011111
00011111
00011111
00011111
00011111
00011111
00011111
00011111
00011111
00011111
00011111
00011111
00011111
00011111
00011111
00011111
00011111
00011111
00011111
00011111
00011111
00011111
00011111
00011111
00011111
00011111
00011111
00011111
00011111
00011111
00011111
00011111
00011111
00111101
01001011
01000001
00110011
01010111
01000010
00100111
01000100
01111010
10111111
01001101
00011001
00011101
00011100
00011110
00011111
00011101
00011011
00011110
00011111
00011111
00011111
00011111
00011111
00011111
00011111
00011111
00011111
00011111
00011111
00011111
00011111
00011111
00011111
00011111
00011111
00011111
00011111
00011111
00011111
00011111
00011111
00011111
00011111
00011111
00011111
00011111
00011111
00011111
00011111
00011111
00011111
00011111
00011111
00011111
00011111
00011111
00011111
00011111
00011111
00011111
00011111
00011111
00011111
00011111
00011111
00011111
00011111
00011111
00011111
00011111
00011111
00011111
00011111
00011111
00011111
00011111
00011111
00011111
00011111
00011111
00011111
00011111
00011111
00011111
00011111
00011111
00011111
00011111
00011111
00011111
00011111
00011111
00011111
00011111
00011111
00011111
00011111
00011111
00011111
00011111
00011111
00011111
00011111
00011111
00011111
00011111
00011111
00011111
00011111
00011111
00011111
00011111
00011111
00011111
00011111
00011111
00011111
00011111
00011111
00011111
00011111
00011111
00011111
00011111
00011111
00011111
00011111
00011111
00011111
00011111
00011111
00011111
00011111
00011111
00011111
00011111
00011111
00011111
00011111
00011111
00011111
00011111
00011111
00011111
00011111
00011111
00011111
00011111
00011111
00011111
00011111
00011111
00011111
00011111
00011111
00011111
00011111
00011111
00011111
00011111
00011111
00011111
00011111
00011111
00011111
00011111
00011111
00011111
00011111
00011111
00011111
00011111
00011111
00011111
00011111
00011111
00011111
00011111
00011111
00011111
00011111
00011111
00011111
00011111
00011111
00011111
00011111
00011111
00011111
00011111
00011111
00011111
00011111
00011111
00011111
00011111
00011111
00011111
00011111
00011111
00011111
00011111
00011111
00011111
00011111
00011111
00011111
00011111
00011111
00011111
00011111
00011111
00011111
00011111
00011111
00011111
00011111
00011111
00011111
00011111
00011111
00011111
00011111
00011111
00011111
00011111
00011111
00011111
00011111
00011111
00011111
00011111
00011111
00011111
00011111
00011111
00011111
00011111
00011111
00011111
00011111
00011111
00011111
00011111
00011111
00011111
00011111
00011111
00011111
00011111
00011111
00011111
00011111
00011111
00011111
01001110
01001111
00101101
00111000
01001110
00011110
00100101
01001001
00011100
00011101
00011110
00011110
00011111
00011110
00011101
00111001
00011111
00011111
00011111
00011111
00011111
00011111
00011111
00011111
00011111
00011111
00011111
00011111
00011111
00011111
00011111
00011111
00011111
00011111
00011111
00011111
00011111
00011111
00011111
00011111
00011111
00011111
00011111
00011111
00011111
00011111
00011111
00011111
00011111
00011111
00011111
00011111
00011111
00011111
00011111
00011111
00011111
00011111
00011111
00011111
00011111
00011111
00011111
00011111
00011111
00011111
00011111
00011111
00011111
00011111
00011111
00011111
00011111
00011111
00011111
00011111
00011111
00011111
00011111
00011111
00011111
00011111
00011111
00011111
00011111
00011111
00011111
00011111
00011111
00011111
00011111
00011111
00011111
00011111
00011111
00011111
00011111
00011111
00011111
00011111
00011111
00011111
00011111
00011111
00011111
00011111
00011111
00011111
00011111
00011111
00011111
00011111
00011111
00011111
00011111
00011111
00011111
00011111
00011111
00011111
00011111
00011111
00011111
00011111
00011111
00011111
00011111
00011111
00011111
00011111
00011111
00011111
00011111
00011111
00011111
00011111
00011111
00011111
00011111
00011111
00011111
00011111
00011111
00011111
00011111
00011111
00011111
00011111
00011111
00011111
00011111
00011111
00011111
00011111
00011111
00011111
00011111
00011111
00011111
00011111
00011111
00011111
00011111
00011111
00011111
00011111
00011111
00011111
00011111
00011111
00011111
00011111
00011111
00011111
00011111
00011111
00011111
00011111
00011111
00011111
00011111
00011111
00011111
00011111
00011111
00011111
00011111
00011111
00011111
00011111
00011111
00011111
00011111
00011111
00011111
00011111
00011111
00011111
00011111
00011111
00011111
00011111
00011111
00011111
00011111
00011111
00011111
00011111
00011111
00011111
00011111
00011111
00011111
00011111
00011111
00011111
00011111
00011111
00011111
00011111
00011111
00011111
00011111
00011111
00011111
00011111
00011111
00011111
00011111
00011111
00011111
00011111
00011111
00011111
00011111
00011111
00011111
00011111
00011111
00011111
00011111
00011111
00011111
00011111
00011111
00011111
00011111
00011111
00011111
00011111
00011111
00011111
00011111
00011111
00011111
00011111
01000100
00110100
00011101
00011111
00011111
00011111
00011111
00011111
01000110
00100100
00011110
00011111
00011111
00011111
00011111
00011111
00011111
00011111
00011110
00011101
00011111
00011111
00011111
00011111
00011111
00011111
00011111
00011111
00011111
00011111
00011111
00011111
00011111
00011111
00011111
00011111
00011111
00011111
00011111
00011111
00011111
00011111
00011111
00011111
00011111
00011111
00011111
00011111
00011111
00011111
00011111
00011111
00011111
00011111
00011111
00011111
00011111
00011111
00011111
00011111
00011111
00011111
00011111
00011111
00011111
00011111
00011111
00011111
00011111
00011111
00011111
00011111
00011111
00011111
00011111
00011111
00011111
00011111
00011111
00011111
00011111
00011111
00011111
00011111
00011111
00011111
00011111
00011111
00011111
00011111
00011111
00011111
00011111
00011111
00011111
00011111
00011111
00011111
00011111
00011111
00011111
00011111
00011111
00011111
00011111
00011111
00011111
00011111
00011111
00011111
00011111
00011111
00011111
00011111
00011111
00011111
00011111
00011111
00011111
00011111
00011111
00011111
00011111
00011111
00011111
00011111
00011111
00011111
00011111
00011111
00011111
00011111
00011111
00011111
00011111
00011111
00011111
00011111
00011111
00011111
00011111
00011111
00011111
00011111
00011111
00011111
00011111
00011111
00011111
00011111
00011111
00011111
00011111
00011111
00011111
00011111
00011111
00011111
00011111
00011111
00011111
00011111
00011111
00011111
00011111
00011111
00011111
00011111
00011111
00011111
00011111
00011111
00011111
00011111
00011111
00011111
00011111
00011111
00011111
00011111
00011111
00011111
00011111
00011111
00011111
00011111
00011111
00011111
00011111
00011111
00011111
00011111
00011111
00011111
00011111
00011111
00011111
00011111
00011111
00011111
00011111
00011111
00011111
00011111
00011111
00011111
00011111
00011111
00011111
00011111
00011111
00011111
00011111
00011111
00011111
00011111
00011111
00011111
00011111
00011111
00011111
00011111
00011111
00011111
00011111
00011111
00011111
00011111
00011111
00011111
00011111
00011111
00011111
00011111
00011111
00011111
00011111
00011111
00011111
00011111
00011111
00011111
00011111
00011111
00011111
00011111
00011111
00011111
00011111
00011111
00011111
00011111
00011111
00011111
00011111
00011111
00011111
00011111
00011111
00011111
00011111
00011111
00011111
00011111
00011111
00011111
00011110
00011100
00011110
00011111
00011101
00011101
00011111
00011111
00011111
00011111
00011111
00011111
00011111
00011111
00011111
00011111
00011111
00011111
00011111
00011111
00011111
00011111
00011111
00011111
00011111
00011111
00011111
00011111
00011111
00011111
00011111
00011111
00011111
00011111
00011111
00011111
00011111
00011111
00011111
00011111
00011111
00011111
00011111
00011111
00011111
00011111
00011111
00011111
00011111
00011111
00011111
00011111
00011111
00011111
00011111
00011111
00011111
00011111
00011111
00011111
00011111
00011111
00011111
00011111
00011111
00011111
00011111
00011111
00011111
00011111
00011111
00011111
00011111
00011111
00011111
00011111
00011111
00011111
00011111
00011111
00011111
00011111
00011111
00011111
00011111
00011111
00011111
00011111
00011111
00011111
00011111
00011111
00011111
00011111
00011111
00011111
00011111
00011111
00011111
00011111
00011111
00011111
00011111
00011111
00011111
00011111
00011111
00011111
00011111
00011111
00011111
00011111
00011111
00011111
00011111
00011111
00011111
00011111
00011111
00011111
00011111
00011111
00011111
00011111
00011111
00011111
00011111
00011111
00011111
00011111
00011111
00011111
00011111
00011111
00011111
00011111
00011111
00011111
00011111
00011111
00011111
00011111
00011111
00011111
00011111
00011111
00011111
00011111
00011111
00011111
00011111
00011111
00011111
00011111
00011111
00011111
00011111
00011111
00011111
00011111
00011111
00011111
00011111
00011111
00011111
00011111
00011111
00011111
00011111
00011111
00011111
00011111
00011111
00011111
00011111
00011111
00011111
00011111
00011111
00011111
00011111
00011111
00011111
00011111
00011111
00011111
00011111
00011111
00011111
00011111
00011111
00011111
00011111
00011111
00011111
00011111
00011111
00011111
00011111
00011111
00011111
00011111
00011111
00011111
00011111
00011111
00011111
00011111
00011111
00011111
00011111
00011111
00011111
00011111
00011111
00011111
00011111
00011111
00011111
00011111
00011111
00011111
00011111
00011111
00011111
00011111
00011111
00011111
00011111
00011111
00011111
00011111
00011111
00011111
00011111
00011111
00011111
00011111
00011111
00011111
00011111
00011111
00011111
00011111
00011111
00011111
00011111
00011111
00011111
00011111
00011111
00011111
00011111
00011111
00011100
01001000
10000001
00110101
00011011
00101010
01001001
00110000
00011111
00011111
00011111
00011111
00011111
00011111
00011111
00011111
00011111
00011111
00011111
00011111
00011111
00011111
00011111
00011111
00011111
00011111
00011111
00011111
00011111
00011111
00011111
00011111
00011111
00011111
00011111
00011111
00011111
00011111
00011111
00011111
00011111
00011111
00011111
00011111
00011111
00011111
00011111
00011111
00011111
00011111
00011111
00011111
00011111
00011111
00011111
00011111
00011111
00011111
00011111
00011111
00011111
00011111
00011111
00011111
00011111
00011111
00011111
00011111
00011111
00011111
00011111
00011111
00011111
00011111
00011111
00011111
00011111
00011111
00011111
00011111
00011111
00011111
00011111
00011111
00011111
00011111
00011111
00011111
00011111
00011111
00011111
00011111
00011111
00011111
00011111
00011111
00011111
00011111
00011111
00011111
00011111
00011111
00011111
00011111
00011111
00011111
00011111
00011111
00011111
00011111
00011111
00011111
00011111
00011111
00011111
00011111
00011111
00011111
00011111
00011111
00011111
00011111
00011111
00011111
00011111
00011111
00011111
00011111
00011111
00011111
00011111
00011111
00011111
00011111
00011111
00011111
00011111
00011111
00011111
00011111
00011111
00011111
00011111
00011111
00011111
00011111
00011111
00011111
00011111
00011111
00011111
00011111
00011111
00011111
00011111
00011111
00011111
00011111
00011111
00011111
00011111
00011111
00011111
00011111
00011111
00011111
00011111
00011111
00011111
00011111
00011111
00011111
00011111
00011111
00011111
00011111
00011111
00011111
00011111
00011111
00011111
00011111
00011111
00011111
00011111
00011111
00011111
00011111
00011111
00011111
00011111
00011111
00011111
00011111
00011111
00011111
00011111
00011111
00011111
00011111
00011111
00011111
00011111
00011111
00011111
00011111
00011111
00011111
00011111
00011111
00011111
00011111
00011111
00011111
00011111
00011111
00011111
00011111
00011111
00011111
00011111
00011111
00011111
00011111
00011111
00011111
00011111
00011111
00011111
00011111
00011111
00011111
00011111
00011111
00011111
00011111
00011111
00011111
00011111
00011111
00011111
00011111
00011111
00011111
00011111
00011111
00011111
00011111
00011111
00011111
00011111
00011111
00011111
00011111
00011111
00011111
00011100
10010001
11001000
00110011
00011100
00011100
00011111
00011001
00011111
00011100
00011011
00011111
00011111
00011111
00011111
00011111
00011111
00011111
00011111
00011111
00011111
00011111
00011111
00011111
00011111
00011111
00011111
00011111
00011111
00011111
00011111
00011111
00011111
00011111
00011111
00011111
00011111
00011111
00011111
00011111
00011111
00011111
00011111
00011111
00011111
00011111
00011111
00011111
00011111
00011111
00011111
00011111
00011111
00011111
00011111
00011111
00011111
00011111
00011111
00011111
00011111
00011111
00011111
00011111
00011111
00011111
00011111
00011111
00011111
00011111
00011111
00011111
00011111
00011111
00011111
00011111
00011111
00011111
00011111
00011111
00011111
00011111
00011111
00011111
00011111
00011111
00011111
00011111
00011111
00011111
00011111
00011111
00011111
00011111
00011111
00011111
00011111
00011111
00011111
00011111
00011111
00011111
00011111
00011111
00011111
00011111
00011111
00011111
00011111
00011111
00011111
00011111
00011111
00011111
00011111
00011111
00011111
00011111
00011111
00011111
00011111
00011111
00011111
00011111
00011111
00011111
00011111
00011111
00011111
00011111
00011111
00011111
00011111
00011111
00011111
00011111
00011111
00011111
00011111
00011111
00011111
00011111
00011111
00011111
00011111
00011111
00011111
00011111
00011111
00011111
00011111
00011111
00011111
00011111
00011111
00011111
00011111
00011111
00011111
00011111
00011111
00011111
00011111
00011111
00011111
00011111
00011111
00011111
00011111
00011111
00011111
00011111
00011111
00011111
00011111
00011111
00011111
00011111
00011111
00011111
00011111
00011111
00011111
00011111
00011111
00011111
00011111
00011111
00011111
00011111
00011111
00011111
00011111
00011111
00011111
00011111
00011111
00011111
00011111
00011111
00011111
00011111
00011111
00011111
00011111
00011111
00011111
00011111
00011111
00011111
00011111
00011111
00011111
00011111
00011111
00011111
00011111
00011111
00011111
00011111
00011111
00011111
00011111
00011111
00011111
00011111
00011111
00011111
00011111
00011111
00011111
00011111
00011111
00011111
00011111
00011111
00011111
00011111
00011111
00011111
00011111
00011111
00011111
00011111
00011111
00011111
00011111
00011111
00011111
00011111
00011111
00011111
00011111
00011111
00011111
00011111
01100000
10011101
00100110
00011101
01011101
01011000
01010010
00100001
00011101
00011101
00011111
00011111
00011111
00011111
00011111
00011111
00011111
00011111
00011111
00011111
00011111
00011111
00011111
00011111
00011111
00011111
00011111
00011111
00011111
00011111
00011111
00011111
00011111
00011111
00011111
00011111
00011111
00011111
00011111
00011111
00011111
00011111
00011111
00011111
00011111
00011111
00011111
00011111
00011111
00011111
00011111
00011111
00011111
00011111
00011111
00011111
00011111
00011111
00011111
00011111
00011111
00011111
00011111
00011111
00011111
00011111
00011111
00011111
00011111
00011111
00011111
00011111
00011111
00011111
00011111
00011111
00011111
00011111
00011111
00011111
00011111
00011111
00011111
00011111
00011111
00011111
00011111
00011111
00011111
00011111
00011111
00011111
00011111
00011111
00011111
00011111
00011111
00011111
00011111
00011111
00011111
00011111
00011111
00011111
00011111
00011111
00011111
00011111
00011111
00011111
00011111
00011111
00011111
00011111
00011111
00011111
00011111
00011111
00011111
00011111
00011111
00011111
00011111
00011111
00011111
00011111
00011111
00011111
00011111
00011111
00011111
00011111
00011111
00011111
00011111
00011111
00011111
00011111
00011111
00011111
00011111
00011111
00011111
00011111
00011111
00011111
00011111
00011111
00011111
00011111
00011111
00011111
00011111
00011111
00011111
00011111
00011111
00011111
00011111
00011111
00011111
00011111
00011111
00011111
00011111
00011111
00011111
00011111
00011111
00011111
00011111
00011111
00011111
00011111
00011111
00011111
00011111
00011111
00011111
00011111
00011111
00011111
00011111
00011111
00011111
00011111
00011111
00011111
00011111
00011111
00011111
00011111
00011111
00011111
00011111
00011111
00011111
00011111
00011111
00011111
00011111
00011111
00011111
00011111
00011111
00011111
00011111
00011111
00011111
00011111
00011111
00011111
00011111
00011111
00011111
00011111
00011111
00011111
00011111
00011111
00011111
00011111
00011111
00011111
00011111
00011111
00011111
00011111
00011111
00011111
00011111
00011111
00011111
00011111
00011111
00011111
00011111
00011111
00011111
00011111
00011111
00011111
00011111
00011111
00011111
00011111
00011111
00011111
00011111
00011111
00011111
00011111
00011111
00011111
00011111
00011111
10010110
00110100
00011100
00011111
00011111
00011111
00011111
00011111
00011101
00011111
00011111
00011111
00011111
00011111
00011111
00011111
00011111
00011111
00011111
00011111
00011111
00011111
00011111
00011111
00011111
00011111
00011111
00011111
00011111
00011111
00011111
00011111
00011111
00011111
00011111
00011111
00011111
00011111
00011111
00011111
00011111
00011111
00011111
00011111
00011111
00011111
00011111
00011111
00011111
00011111
00011111
00011111
00011111
00011111
00011111
00011111
00011111
00011111
00011111
00011111
00011111
00011111
00011111
00011111
00011111
00011111
00011111
00011111
00011111
00011111
00011111
00011111
00011111
00011111
00011111
00011111
00011111
00011111
00011111
00011111
00011111
00011111
00011111
00011111
00011111
00011111
00011111
00011111
00011111
00011111
00011111
00011111
00011111
00011111
00011111
00011111
00011111
00011111
00011111
00011111
00011111
00011111
00011111
00011111
00011111
00011111
00011111
00011111
00011111
00011111
00011111
00011111
00011111
00011111
00011111
00011111
00011111
00011111
00011111
00011111
00011111
00011111
00011111
00011111
00011111
00011111
00011111
00011111
00011111
00011111
00011111
00011111
00011111
00011111
00011111
00011111
00011111
00011111
00011111
00011111
00011111
00011111
00011111
00011111
00011111
00011111
00011111
00011111
00011111
00011111
00011111
00011111
